0 47 9
0 61 3
0 57 2
0 10 4
0 40 1
0 25 5
0 70 6
0 87 2
0 67 1
0 14 9
0 53 7
0 52 3
0 60 9
0 35 9
0 74 2
0 8 4
0 89 5
0 59 7
0 17 7
0 88 1
0 69 4
0 24 6
0 20 3
0 98 2
0 2 1
0 31 3
0 73 3
0 81 3
0 44 3
0 71 1
0 58 6
0 97 2
0 65 8
0 85 9
0 39 6
0 99 2
0 82 2
0 36 3
0 79 6
0 56 6
0 90 1
0 92 7
0 75 9
0 72 1
0 49 7
0 93 3
0 12 3
0 64 9
0 55 2
0 5 2
0 86 8
0 11 9
0 13 5
0 22 9
0 21 3
0 77 5
0 42 5
0 45 6
0 26 2
0 83 6
0 96 6
0 54 3
0 28 1
0 48 1
0 46 4
0 38 5
0 7 9
0 68 6
0 16 7
0 66 1
0 19 7
0 4 8
0 80 3
0 84 2
0 3 1
0 23 9
0 62 8
0 37 2
0 15 9
0 33 3
0 78 8
0 76 3
0 95 2
0 9 9
0 32 6
0 43 6
0 63 1
0 30 2
0 94 6
1 74 6
1 81 1
1 32 1
1 40 1
1 70 8
1 3 4
1 23 3
1 33 9
1 78 2
1 88 1
1 95 6
1 71 8
1 28 4
1 26 1
1 13 9
1 63 2
1 21 8
1 50 6
1 76 1
1 25 9
1 96 7
1 55 5
1 9 2
1 54 3
1 43 8
1 36 3
1 93 1
1 86 5
1 94 2
1 39 3
1 75 9
1 99 3
1 72 7
1 90 5
1 17 8
1 12 3
1 2 5
1 44 4
1 64 2
1 31 2
1 67 5
1 10 9
1 45 4
1 14 2
1 19 2
1 6 3
1 57 5
1 15 7
1 5 2
1 79 3
1 11 7
1 89 7
1 65 3
1 85 1
1 37 3
1 59 4
1 30 3
1 91 8
1 58 6
1 38 6
1 69 6
1 34 1
1 8 7
1 83 4
1 49 3
1 42 5
1 97 7
1 24 5
1 18 2
1 7 7
1 87 1
1 62 6
1 22 3
1 41 6
1 92 5
1 53 5
1 35 7
1 84 3
1 60 5
1 51 5
1 73 2
1 68 7
1 77 4
1 20 5
1 98 7
1 27 5
1 82 7
1 48 1
1 61 6
1 47 6
1 4 6
1 80 7
1 46 5
2 24 6
2 56 7
2 13 4
2 75 3
2 68 2
2 55 6
2 59 2
2 40 8
2 6 5
2 84 9
2 53 9
2 26 7
2 30 3
2 46 2
2 14 5
2 16 6
2 73 1
2 80 5
2 69 6
2 90 3
2 99 3
2 81 9
2 25 8
2 0 1
2 87 8
2 11 1
2 19 4
2 36 2
2 18 6
2 88 8
2 96 7
2 52 1
2 57 9
2 97 3
2 58 6
2 8 8
2 92 3
2 35 2
2 9 9
2 60 3
2 1 5
2 63 3
2 71 6
2 47 8
2 66 8
2 48 4
2 51 2
2 43 7
2 76 5
2 78 1
2 12 5
2 50 8
2 44 8
2 95 5
2 79 2
2 4 4
2 31 4
2 98 9
2 67 7
2 94 2
2 86 7
2 93 5
2 7 8
2 89 5
2 54 7
2 41 2
2 22 6
2 45 1
2 61 2
2 65 3
2 20 4
2 23 9
2 38 7
2 85 5
2 70 7
2 82 6
2 34 6
2 10 7
2 3 5
2 21 3
2 83 3
2 64 8
2 15 5
2 29 3
2 39 6
2 74 8
2 42 9
2 72 1
2 33 2
2 77 2
2 28 5
3 90 5
3 24 1
3 72 9
3 48 4
3 14 5
3 82 3
3 97 1
3 80 3
3 46 6
3 75 8
3 77 6
3 35 4
3 78 4
3 1 4
3 31 8
3 94 8
3 73 1
3 89 5
3 40 5
3 55 9
3 84 1
3 86 5
3 39 1
3 62 6
3 36 9
3 51 6
3 28 9
3 19 3
3 37 1
3 69 6
3 91 9
3 61 5
3 64 2
3 27 6
3 12 5
3 16 3
3 52 5
3 65 1
3 42 4
3 50 9
3 45 4
3 92 3
3 9 6
3 38 5
3 13 7
3 96 8
3 25 2
3 41 2
3 22 4
3 53 9
3 67 8
3 34 2
3 81 5
3 10 5
3 54 6
3 83 5
3 70 9
3 71 8
3 85 8
3 5 1
3 57 5
3 20 7
3 7 8
3 88 4
3 74 3
3 15 9
3 60 1
3 26 6
3 29 9
3 44 4
3 30 8
3 58 1
3 66 7
3 56 2
3 76 1
3 33 7
3 21 7
3 68 2
3 43 2
3 23 8
3 18 3
3 47 5
3 0 1
3 2 5
3 79 7
3 8 5
3 98 8
3 59 6
3 17 9
3 63 4
3 95 6
3 4 5
3 11 3
3 49 6
3 93 9
3 32 6
3 99 7
4 71 1
4 99 3
4 95 5
4 47 8
4 33 2
4 6 5
4 38 8
4 87 7
4 42 2
4 28 4
4 22 9
4 86 5
4 72 5
4 25 5
4 49 3
4 5 4
4 89 6
4 63 7
4 27 6
4 37 7
4 91 2
4 18 4
4 50 1
4 48 5
4 85 1
4 69 2
4 53 9
4 41 8
4 32 5
4 68 4
4 83 7
4 98 1
4 67 8
4 9 3
4 75 6
4 40 4
4 55 2
4 66 6
4 51 9
4 77 6
4 96 4
4 88 5
4 43 2
4 84 7
4 15 9
4 70 5
4 81 8
4 90 4
4 93 5
4 8 3
4 44 9
4 73 5
4 7 3
4 29 3
4 20 4
4 2 4
4 56 5
4 94 9
4 10 3
4 92 4
4 60 3
4 34 3
4 39 9
4 62 5
4 58 5
4 21 6
4 45 4
4 35 9
4 46 8
4 78 5
4 54 1
4 26 9
4 14 2
4 36 2
4 30 7
4 0 8
4 17 6
4 24 1
4 16 2
4 59 2
4 64 4
4 97 5
4 57 1
4 79 5
4 52 9
4 80 1
4 3 5
4 11 9
4 76 2
4 12 3
4 1 6
4 31 8
4 13 2
4 82 3
4 74 1
4 23 5
4 61 9
5 75 9
5 31 4
5 89 8
5 28 9
5 65 5
5 10 2
5 9 1
5 55 2
5 71 8
5 46 6
5 94 9
5 73 3
5 4 4
5 59 1
5 87 4
5 25 6
5 58 8
5 13 4
5 66 5
5 29 4
5 57 9
5 67 8
5 44 3
5 91 6
5 24 9
5 38 7
5 77 5
5 98 9
5 68 5
5 62 4
5 56 3
5 40 5
5 48 2
5 39 8
5 18 9
5 17 4
5 93 4
5 26 3
5 45 4
5 37 1
5 81 5
5 16 2
5 83 9
5 47 4
5 88 2
5 97 1
5 99 9
5 69 5
5 6 5
5 1 2
5 15 1
5 19 4
5 74 8
5 90 1
5 86 8
5 54 7
5 34 3
5 0 2
5 32 7
5 3 1
5 76 6
5 7 1
5 20 7
5 60 1
5 35 5
5 49 9
5 11 8
5 53 2
5 52 2
5 23 5
5 92 9
5 96 6
5 8 3
5 95 2
5 42 1
5 27 9
5 70 5
5 43 2
5 61 4
5 63 2
5 12 6
5 51 8
5 84 2
5 78 9
5 41 9
5 79 1
5 33 2
5 22 3
5 64 9
5 80 6
5 72 3
5 36 6
5 50 7
5 82 1
5 30 9
6 64 2
6 66 6
6 18 5
6 28 4
6 90 4
6 12 5
6 81 2
6 4 5
6 20 2
6 78 8
6 2 5
6 23 3
6 8 3
6 58 7
6 73 5
6 74 9
6 38 1
6 95 8
6 10 5
6 34 8
6 30 8
6 42 3
6 49 9
6 36 9
6 68 6
6 97 7
6 59 9
6 75 1
6 93 6
6 62 7
6 89 2
6 13 3
6 91 7
6 47 6
6 94 7
6 32 6
6 26 3
6 77 3
6 35 3
6 40 6
6 19 5
6 31 7
6 11 8
6 51 6
6 5 5
6 1 3
6 60 4
6 48 5
6 50 1
6 56 6
6 37 1
6 14 3
6 52 8
6 82 5
6 70 1
6 17 1
6 96 8
6 16 2
6 24 1
6 92 7
6 99 6
6 44 1
6 84 3
6 76 3
6 55 1
6 25 7
6 46 7
6 65 9
6 43 8
6 71 9
6 39 8
6 29 7
6 61 4
6 54 6
6 33 1
6 85 1
6 41 7
6 83 8
6 79 1
6 67 1
6 87 5
6 69 9
6 88 3
6 86 6
6 53 1
6 98 9
6 27 1
7 16 5
7 36 8
7 27 3
7 13 2
7 74 8
7 37 4
7 78 3
7 51 3
7 59 7
7 73 5
7 68 2
7 18 7
7 11 5
7 28 6
7 91 7
7 71 2
7 23 1
7 40 6
7 82 5
7 24 8
7 62 6
7 80 4
7 47 4
7 79 2
7 31 1
7 96 5
7 44 9
7 10 9
7 56 5
7 63 6
7 64 7
7 97 2
7 35 6
7 92 7
7 46 1
7 93 4
7 72 9
7 19 1
7 38 7
7 41 2
7 32 2
7 26 1
7 87 6
7 21 7
7 22 8
7 54 2
7 86 2
7 4 3
7 52 9
7 42 2
7 50 6
7 39 3
7 94 3
7 9 2
7 5 1
7 2 8
7 66 3
7 58 6
7 8 1
7 3 8
7 99 2
7 84 1
7 15 2
7 25 4
7 43 8
7 65 5
7 1 7
7 69 3
7 0 9
7 49 7
7 83 4
7 17 6
7 30 9
7 55 6
7 76 8
7 33 5
7 48 9
7 61 2
7 60 8
7 95 3
7 53 1
7 90 9
7 70 4
7 89 5
7 20 4
7 98 7
7 81 9
7 34 3
7 29 1
7 88 7
7 67 2
7 75 4
8 63 2
8 92 5
8 52 5
8 48 8
8 89 6
8 23 8
8 30 3
8 25 6
8 0 4
8 6 3
8 81 9
8 99 6
8 51 3
8 80 2
8 44 8
8 24 5
8 17 7
8 15 7
8 86 2
8 83 2
8 10 3
8 62 1
8 27 8
8 71 5
8 79 9
8 57 4
8 43 1
8 98 4
8 93 9
8 19 4
8 2 8
8 26 7
8 56 6
8 41 6
8 46 4
8 54 2
8 55 7
8 21 5
8 77 8
8 61 1
8 33 5
8 69 3
8 18 5
8 12 8
8 64 7
8 4 3
8 20 1
8 29 9
8 36 7
8 32 8
8 84 3
8 14 2
8 58 7
8 88 3
8 60 7
8 70 8
8 7 1
8 65 9
8 45 3
8 59 8
8 42 2
8 1 7
8 76 5
8 72 5
8 53 7
8 22 2
8 66 6
8 47 7
8 82 4
8 97 5
8 39 8
8 50 7
8 5 3
8 38 8
8 78 8
8 31 4
8 9 2
8 28 6
8 74 3
8 3 5
8 49 6
8 87 2
8 40 8
8 68 6
8 34 3
8 90 1
8 67 6
8 85 8
8 35 5
8 75 7
8 13 4
8 11 2
9 84 8
9 82 2
9 43 5
9 57 5
9 30 9
9 28 6
9 59 5
9 77 9
9 67 3
9 36 4
9 12 4
9 24 2
9 5 1
9 68 9
9 50 7
9 86 2
9 44 3
9 72 7
9 69 5
9 35 9
9 45 1
9 87 4
9 1 2
9 21 3
9 58 3
9 4 3
9 61 1
9 13 3
9 2 9
9 93 9
9 3 6
9 98 8
9 85 2
9 91 7
9 95 5
9 23 5
9 55 7
9 89 7
9 66 7
9 31 7
9 90 9
9 78 4
9 11 5
9 81 8
9 70 3
9 42 6
9 7 2
9 62 1
9 47 5
9 51 6
9 20 7
9 22 3
9 74 4
9 96 4
9 46 1
9 27 3
9 16 9
9 64 1
9 56 7
9 17 6
9 34 9
9 63 9
9 75 1
9 60 9
9 49 9
9 8 2
9 15 8
9 99 6
9 48 4
9 97 1
9 80 5
9 14 7
9 94 7
9 88 4
9 54 2
9 0 9
9 10 8
9 40 3
9 32 8
9 83 8
9 79 4
9 53 1
9 76 5
9 25 8
9 41 3
9 26 4
9 37 8
9 71 2
9 33 8
10 72 4
10 16 3
10 90 1
10 0 4
10 27 3
10 31 2
10 51 8
10 65 7
10 71 2
10 5 2
10 47 1
10 98 2
10 70 1
10 66 4
10 80 9
10 59 6
10 6 5
10 99 3
10 37 6
10 96 2
10 76 1
10 13 5
10 92 7
10 67 9
10 54 4
10 53 9
10 86 2
10 33 1
10 7 9
10 8 3
10 46 2
10 40 1
10 84 5
10 50 7
10 62 2
10 55 5
10 21 6
10 68 6
10 58 8
10 73 8
10 20 7
10 1 9
10 38 6
10 89 9
10 79 2
10 44 4
10 82 3
10 61 5
10 3 5
10 30 9
10 34 5
10 42 3
10 4 3
10 15 5
10 12 1
10 24 7
10 87 5
10 97 6
10 41 7
10 49 6
10 26 1
10 36 6
10 94 9
10 14 8
10 88 5
10 93 6
10 45 1
10 28 8
10 56 2
10 18 4
10 43 2
10 81 8
10 83 9
10 23 5
10 64 9
10 69 4
10 2 7
10 39 9
10 77 1
10 60 2
10 9 8
10 22 3
10 91 9
10 95 5
10 57 3
10 52 3
10 74 9
10 29 9
10 85 9
10 78 7
10 63 3
10 19 6
10 11 6
11 57 1
11 70 9
11 76 6
11 43 1
11 92 3
11 77 4
11 85 9
11 89 2
11 7 5
11 24 2
11 29 1
11 21 5
11 97 5
11 20 8
11 91 4
11 42 5
11 67 2
11 19 1
11 14 9
11 2 1
11 46 2
11 61 1
11 52 9
11 68 2
11 66 1
11 18 8
11 40 7
11 56 9
11 13 3
11 71 2
11 12 6
11 73 2
11 95 6
11 23 6
11 54 9
11 94 5
11 81 4
11 79 4
11 59 6
11 62 8
11 50 9
11 49 7
11 6 8
11 69 1
11 74 7
11 26 4
11 37 9
11 64 2
11 17 3
11 1 7
11 25 8
11 96 5
11 60 4
11 48 3
11 9 5
11 28 8
11 38 7
11 33 6
11 0 9
11 39 8
11 15 2
11 65 9
11 58 5
11 93 4
11 80 5
11 83 5
11 30 2
11 75 5
11 51 6
11 5 8
11 31 1
11 36 5
11 84 9
11 35 9
11 87 1
11 45 3
11 22 3
11 99 8
11 32 2
11 41 4
11 98 3
11 53 6
11 78 6
11 90 5
11 3 3
11 4 9
11 47 1
11 88 7
11 8 2
11 10 6
12 35 6
12 96 9
12 99 6
12 17 7
12 6 5
12 51 4
12 9 4
12 46 2
12 14 8
12 93 6
12 34 3
12 56 8
12 82 4
12 79 7
12 60 9
12 59 9
12 81 4
12 38 9
12 30 4
12 39 2
12 62 6
12 84 8
12 67 5
12 66 6
12 41 6
12 28 3
12 3 5
12 63 5
12 76 7
12 64 7
12 97 6
12 11 6
12 70 4
12 47 2
12 37 9
12 45 5
12 80 3
12 1 3
12 33 5
12 43 9
12 73 7
12 77 8
12 8 8
12 69 9
12 32 5
12 2 5
12 25 2
12 74 4
12 49 4
12 98 4
12 50 9
12 53 3
12 40 3
12 0 3
12 92 8
12 10 1
12 48 5
12 72 3
12 94 4
12 86 7
12 54 5
12 71 8
12 42 3
12 75 5
12 90 6
12 26 5
12 87 5
12 23 9
12 55 8
12 44 4
12 36 7
12 16 9
12 31 8
12 65 3
12 68 9
12 95 3
12 85 2
12 21 3
12 5 6
12 22 7
12 20 4
12 57 7
12 88 4
12 52 1
12 15 7
12 4 3
12 89 8
12 78 3
12 58 9
12 24 7
12 91 5
12 19 5
13 2 4
13 33 7
13 7 2
13 92 2
13 50 9
13 64 7
13 85 7
13 34 3
13 15 7
13 31 8
13 36 3
13 5 4
13 10 5
13 1 9
13 60 4
13 29 8
13 24 3
13 25 6
13 90 6
13 53 2
13 75 2
13 23 2
13 86 6
13 55 5
13 28 6
13 6 3
13 74 8
13 43 7
13 61 5
13 11 3
13 83 5
13 98 4
13 9 3
13 19 9
13 14 4
13 65 2
13 72 8
13 88 9
13 48 4
13 78 7
13 39 4
13 68 2
13 95 1
13 49 6
13 3 7
13 38 8
13 40 6
13 77 7
13 84 5
13 17 4
13 66 8
13 89 1
13 79 9
13 35 5
13 99 4
13 26 1
13 41 8
13 81 1
13 32 6
13 57 9
13 73 2
13 44 1
13 0 5
13 96 4
13 87 7
13 46 3
13 82 2
13 63 4
13 69 5
13 62 7
13 76 5
13 18 8
13 54 9
13 27 5
13 91 3
13 16 9
13 52 6
13 97 4
13 80 3
13 94 1
13 51 4
13 47 3
13 21 1
13 22 1
13 56 1
13 71 4
13 4 2
13 20 8
13 93 4
13 8 4
13 70 5
14 3 5
14 63 6
14 0 9
14 98 7
14 17 4
14 74 9
14 12 8
14 58 1
14 47 8
14 64 1
14 2 5
14 55 9
14 72 5
14 75 8
14 46 8
14 96 2
14 59 4
14 69 5
14 54 7
14 81 8
14 41 4
14 28 8
14 11 9
14 29 2
14 76 7
14 80 8
14 73 2
14 42 2
14 83 1
14 25 4
14 53 9
14 20 5
14 67 9
14 91 4
14 27 9
14 78 1
14 95 7
14 18 1
14 13 4
14 57 1
14 51 2
14 33 4
14 1 2
14 87 8
14 56 5
14 82 6
14 62 8
14 84 9
14 94 8
14 24 2
14 38 7
14 6 3
14 99 8
14 21 6
14 16 6
14 60 9
14 92 3
14 39 2
14 8 2
14 30 3
14 22 5
14 34 7
14 50 6
14 86 6
14 10 8
14 44 7
14 97 1
14 65 5
14 49 7
14 37 5
14 4 2
14 31 7
14 89 4
14 90 2
14 19 8
14 71 5
14 26 3
14 88 3
14 9 7
14 45 8
14 35 7
14 61 5
14 15 6
14 77 7
14 70 6
14 79 8
14 43 6
14 48 8
14 23 6
14 40 1
14 36 3
14 93 2
14 66 1
14 52 3
15 72 3
15 86 3
15 28 9
15 42 1
15 54 5
15 22 1
15 40 3
15 43 5
15 61 1
15 13 7
15 20 7
15 65 2
15 82 2
15 51 6
15 31 5
15 55 2
15 23 2
15 84 7
15 48 2
15 74 6
15 97 1
15 18 5
15 8 7
15 57 9
15 85 4
15 25 6
15 92 5
15 27 9
15 33 6
15 46 5
15 91 7
15 99 4
15 58 9
15 81 6
15 67 3
15 96 2
15 41 5
15 60 1
15 4 9
15 83 2
15 69 1
15 21 8
15 87 9
15 19 7
15 1 7
15 5 1
15 76 3
15 34 9
15 26 5
15 71 3
15 47 9
15 73 5
15 35 1
15 64 3
15 10 5
15 89 8
15 90 1
15 56 7
15 94 2
15 11 2
15 62 7
15 29 1
15 98 5
15 38 1
15 68 9
15 7 2
15 53 1
15 80 5
15 3 9
15 70 4
15 66 9
15 59 9
15 50 9
15 17 7
15 16 4
15 24 2
15 95 5
15 78 8
15 75 7
15 9 8
15 32 4
15 52 4
15 30 7
15 0 9
15 14 6
15 2 5
15 63 8
15 44 9
15 37 8
15 12 7
15 88 6
15 93 6
15 39 2
15 49 9
16 7 5
16 92 2
16 26 8
16 55 1
16 10 3
16 94 2
16 35 9
16 96 9
16 53 4
16 22 8
16 45 6
16 80 8
16 57 1
16 98 1
16 2 6
16 47 5
16 21 7
16 32 5
16 31 5
16 23 9
16 41 6
16 70 9
16 85 5
16 37 4
16 18 3
16 33 8
16 88 9
16 64 3
16 42 1
16 3 3
16 52 8
16 95 3
16 83 1
16 34 8
16 17 1
16 91 4
16 56 3
16 62 6
16 93 7
16 5 2
16 20 1
16 58 2
16 24 3
16 76 8
16 36 8
16 71 7
16 97 3
16 99 1
16 38 4
16 78 2
16 39 5
16 86 3
16 81 3
16 19 6
16 14 6
16 40 2
16 65 6
16 66 2
16 43 4
16 89 1
16 77 5
16 6 2
16 69 4
16 61 9
16 51 7
16 28 7
16 54 6
16 67 4
16 27 3
16 30 7
16 63 1
16 9 9
16 15 4
16 0 7
16 87 5
16 29 1
16 12 9
16 74 8
16 79 3
16 13 9
16 4 2
16 84 6
16 73 2
16 82 1
16 44 7
16 46 4
16 50 2
16 75 1
16 72 6
17 18 2
17 34 9
17 80 2
17 12 7
17 37 1
17 67 3
17 14 4
17 35 5
17 95 8
17 92 8
17 21 7
17 91 8
17 45 6
17 96 1
17 44 1
17 73 8
17 75 1
17 26 2
17 77 3
17 50 8
17 0 7
17 59 7
17 70 7
17 38 4
17 84 6
17 8 7
17 47 2
17 19 7
17 98 7
17 79 5
17 23 7
17 54 6
17 39 4
17 94 1
17 25 1
17 99 3
17 82 9
17 16 1
17 1 8
17 40 6
17 5 4
17 72 2
17 83 4
17 89 3
17 56 1
17 49 2
17 53 2
17 58 6
17 93 8
17 63 7
17 69 5
17 27 1
17 90 6
17 48 3
17 13 4
17 11 3
17 62 2
17 81 4
17 51 7
17 28 4
17 71 5
17 6 1
17 86 8
17 22 5
17 74 3
17 29 8
17 15 7
17 52 1
17 65 8
17 43 3
17 7 6
17 33 5
17 36 7
17 9 6
17 32 6
17 41 9
17 42 6
17 46 7
17 57 6
17 30 8
17 55 9
17 31 3
17 4 6
17 24 8
17 76 9
17 61 7
17 20 6
17 60 5
17 3 9
17 87 6
17 88 3
17 97 7
17 78 8
17 64 3
17 68 8
18 17 2
18 67 8
18 21 2
18 82 9
18 6 5
18 55 8
18 44 5
18 76 6
18 7 7
18 90 1
18 29 8
18 37 4
18 97 7
18 95 4
18 20 1
18 28 2
18 24 4
18 74 5
18 92 9
18 45 1
18 49 2
18 4 4
18 16 3
18 15 5
18 69 5
18 75 3
18 99 9
18 2 6
18 70 2
18 11 8
18 83 2
18 68 2
18 51 6
18 53 7
18 62 2
18 5 9
18 34 5
18 14 1
18 22 9
18 96 9
18 86 5
18 85 8
18 41 2
18 33 7
18 63 9
18 94 9
18 32 9
18 91 5
18 8 5
18 72 4
18 80 4
18 78 4
18 84 1
18 23 8
18 48 3
18 38 1
18 42 4
18 27 9
18 43 4
18 25 3
18 89 7
18 26 2
18 71 1
18 61 3
18 60 4
18 93 3
18 1 2
18 31 7
18 57 9
18 10 4
18 58 6
18 39 5
18 13 8
18 19 7
18 3 3
18 87 9
18 66 7
18 54 8
18 79 5
18 73 7
18 98 6
18 56 4
18 35 4
18 40 8
18 64 9
18 59 8
18 65 4
18 88 1
19 78 7
19 77 7
19 64 8
19 26 3
19 43 4
19 58 8
19 45 5
19 71 7
19 53 8
19 76 8
19 29 6
19 86 7
19 99 4
19 46 9
19 20 1
19 24 6
19 11 1
19 3 3
19 54 7
19 17 7
19 90 2
19 98 3
19 62 6
19 2 4
19 40 9
19 22 1
19 87 3
19 30 5
19 25 1
19 8 4
19 7 1
19 13 9
19 23 4
19 21 8
19 6 5
19 27 7
19 83 1
19 84 5
19 35 2
19 65 5
19 41 3
19 94 1
19 96 8
19 1 2
19 59 9
19 93 8
19 15 7
19 61 8
19 33 5
19 5 4
19 16 6
19 89 2
19 34 5
19 92 7
19 73 9
19 47 4
19 79 9
19 31 8
19 70 9
19 50 1
19 69 5
19 81 9
19 55 5
19 48 9
19 39 5
19 75 1
19 56 3
19 91 8
19 32 6
19 68 2
19 28 4
19 0 7
19 97 6
19 18 7
19 14 8
19 82 1
19 49 3
19 37 6
19 80 5
19 88 9
19 52 4
19 95 4
19 67 1
19 60 1
19 57 5
19 51 5
19 42 9
19 44 7
19 38 5
19 63 6
19 85 5
19 12 5
19 10 6
20 79 4
20 39 4
20 22 9
20 68 4
20 89 4
20 6 2
20 92 9
20 30 4
20 78 9
20 15 7
20 18 1
20 11 8
20 88 7
20 19 1
20 93 6
20 0 3
20 73 2
20 47 9
20 31 2
20 71 7
20 51 1
20 41 9
20 32 8
20 38 8
20 98 9
20 86 5
20 65 5
20 94 5
20 14 5
20 56 8
20 43 6
20 49 2
20 27 9
20 60 4
20 16 1
20 84 3
20 10 7
20 91 7
20 82 2
20 34 9
20 50 5
20 52 5
20 96 2
20 83 5
20 70 4
20 48 3
20 8 1
20 26 4
20 4 4
20 25 3
20 58 4
20 85 3
20 67 1
20 57 6
20 76 4
20 90 7
20 81 2
20 95 8
20 5 7
20 24 5
20 3 7
20 54 9
20 9 7
20 2 4
20 29 1
20 69 6
20 66 6
20 61 4
20 63 3
20 77 1
20 17 6
20 23 6
20 74 5
20 97 2
20 59 8
20 1 5
20 42 1
20 72 5
20 12 4
20 99 6
20 62 8
20 33 7
20 37 4
20 46 2
20 7 4
20 53 5
20 13 8
20 35 8
20 75 5
21 32 2
21 25 1
21 18 2
21 72 1
21 84 7
21 27 4
21 33 5
21 58 5
21 86 3
21 60 1
21 93 8
21 17 7
21 73 2
21 11 5
21 16 7
21 23 2
21 1 8
21 46 4
21 97 3
21 98 9
21 42 8
21 51 7
21 66 3
21 92 1
21 9 3
21 77 6
21 78 2
21 35 5
21 69 4
21 40 1
21 10 6
21 19 8
21 67 8
21 71 1
21 83 2
21 94 9
21 8 5
21 85 4
21 7 7
21 15 8
21 55 6
21 56 4
21 53 3
21 65 6
21 34 6
21 99 6
21 96 1
21 79 4
21 14 6
21 49 2
21 36 1
21 62 6
21 38 5
21 45 3
21 61 8
21 4 6
21 87 8
21 57 2
21 74 2
21 0 3
21 22 2
21 82 3
21 90 6
21 64 5
21 50 9
21 39 7
21 44 6
21 63 6
21 54 1
21 3 7
21 41 5
21 28 6
21 12 3
21 43 7
21 47 3
21 13 1
21 31 4
21 2 3
21 26 9
21 59 5
21 95 6
21 37 8
21 52 4
21 81 4
21 89 5
21 70 9
21 75 2
21 88 7
21 80 2
21 76 3
22 20 9
22 80 2
22 27 3
22 77 6
22 82 3
22 16 8
22 43 3
22 83 5
22 15 1
22 4 9
22 54 3
22 67 7
22 84 4
22 26 7
22 70 3
22 75 4
22 39 9
22 19 1
22 59 8
22 95 5
22 30 2
22 28 6
22 42 7
22 93 2
22 66 9
22 18 9
22 37 6
22 38 5
22 89 1
22 90 1
22 40 3
22 62 8
22 3 4
22 47 8
22 7 8
22 56 8
22 98 2
22 81 8
22 34 4
22 46 7
22 78 3
22 48 5
22 79 6
22 35 7
22 85 7
22 17 5
22 25 7
22 23 3
22 14 5
22 92 7
22 94 9
22 0 9
22 91 6
22 49 7
22 96 6
22 21 2
22 2 6
22 32 9
22 24 6
22 8 2
22 9 3
22 33 6
22 65 3
22 63 9
22 1 3
22 74 6
22 44 6
22 88 7
22 52 4
22 64 3
22 61 1
22 97 2
22 50 8
22 53 2
22 86 3
22 11 3
22 57 6
22 31 5
22 45 8
22 12 7
22 13 1
22 73 7
22 69 3
22 87 6
22 10 3
22 51 9
22 5 3
22 60 7
22 72 2
22 36 7
22 29 1
22 41 9
22 99 6
23 58 1
23 47 3
23 48 2
23 32 5
23 60 1
23 86 9
23 8 8
23 1 3
23 97 7
23 61 9
23 92 8
23 6 3
23 62 1
23 64 3
23 53 8
23 55 5
23 7 1
23 21 2
23 36 2
23 16 9
23 40 5
23 15 2
23 95 4
23 75 4
23 65 5
23 33 1
23 13 2
23 87 8
23 70 8
23 51 6
23 17 7
23 27 2
23 74 8
23 45 7
23 68 4
23 11 6
23 19 4
23 91 6
23 88 6
23 98 6
23 9 5
23 35 4
23 59 7
23 46 6
23 29 6
23 80 9
23 94 4
23 34 6
23 18 8
23 57 2
23 85 3
23 93 5
23 24 8
23 99 4
23 52 6
23 66 6
23 69 4
23 22 3
23 96 8
23 78 8
23 82 2
23 76 4
23 71 3
23 67 9
23 77 2
23 56 3
23 72 7
23 5 5
23 2 9
23 12 9
23 43 6
23 39 5
23 10 5
23 26 3
23 31 7
23 30 3
23 25 7
23 3 8
23 83 9
23 73 8
23 41 8
23 0 9
23 20 6
23 63 2
23 50 1
23 44 1
23 49 7
23 79 3
23 81 7
23 14 6
23 42 8
23 4 5
23 89 1
24 3 1
24 2 6
24 85 3
24 30 8
24 51 3
24 26 5
24 34 7
24 56 9
24 9 2
24 55 2
24 39 2
24 11 2
24 87 1
24 64 5
24 82 1
24 41 1
24 79 5
24 18 4
24 7 8
24 47 6
24 43 6
24 0 6
24 8 5
24 90 6
24 13 3
24 19 6
24 98 2
24 5 9
24 88 6
24 45 9
24 77 7
24 96 1
24 53 8
24 70 7
24 58 6
24 89 3
24 73 2
24 36 3
24 25 9
24 28 4
24 60 5
24 44 4
24 81 4
24 29 3
24 97 1
24 92 3
24 16 3
24 95 1
24 86 9
24 91 1
24 49 9
24 46 7
24 40 5
24 14 2
24 57 9
24 75 1
24 67 8
24 23 8
24 27 5
24 99 7
24 10 7
24 35 1
24 94 9
24 20 5
24 6 1
24 68 2
24 52 9
24 66 2
24 48 9
24 38 3
24 22 6
24 1 5
24 62 5
24 37 2
24 32 7
24 76 9
24 84 7
24 15 2
24 31 4
24 59 2
24 65 2
24 78 8
24 4 1
24 17 8
24 83 7
24 61 9
24 69 2
24 71 8
24 93 7
24 33 7
24 72 8
24 80 5
24 12 7
24 74 7
25 46 9
25 21 1
25 39 5
25 94 1
25 37 5
25 61 1
25 0 5
25 26 9
25 56 2
25 38 2
25 58 8
25 72 3
25 69 3
25 95 6
25 8 6
25 4 5
25 89 4
25 5 6
25 13 6
25 68 8
25 75 3
25 1 9
25 2 8
25 85 7
25 15 6
25 77 6
25 24 9
25 17 1
25 60 7
25 79 3
25 14 4
25 29 8
25 19 1
25 47 8
25 55 3
25 93 4
25 90 8
25 49 2
25 70 8
25 87 7
25 84 1
25 3 2
25 83 9
25 59 3
25 88 9
25 99 2
25 33 5
25 67 3
25 64 5
25 65 7
25 11 8
25 12 2
25 74 7
25 20 3
25 80 8
25 76 6
25 31 8
25 98 4
25 18 3
25 45 2
25 78 4
25 22 7
25 30 8
25 66 7
25 82 8
25 73 9
25 7 4
25 51 8
25 6 7
25 86 1
25 34 1
25 36 2
25 44 1
25 97 4
25 48 4
25 40 8
25 52 8
25 71 3
25 96 5
25 23 7
25 27 8
25 43 6
25 54 9
25 28 6
25 63 6
25 41 3
25 42 2
25 9 8
25 62 4
25 57 2
25 32 3
25 81 1
25 50 1
25 91 2
26 16 8
26 83 5
26 36 4
26 31 6
26 39 6
26 25 9
26 19 3
26 24 5
26 82 9
26 88 8
26 93 3
26 84 1
26 2 7
26 77 7
26 30 2
26 17 2
26 91 2
26 44 5
26 29 3
26 78 3
26 76 3
26 22 7
26 1 1
26 98 3
26 46 3
26 72 2
26 95 4
26 60 4
26 99 7
26 63 1
26 74 4
26 94 6
26 34 6
26 8 7
26 97 6
26 6 3
26 54 5
26 53 3
26 5 3
26 35 9
26 90 5
26 7 1
26 71 6
26 79 8
26 11 4
26 41 9
26 45 6
26 61 5
26 15 5
26 33 5
26 57 9
26 20 4
26 13 1
26 49 5
26 38 1
26 18 2
26 92 2
26 64 2
26 40 4
26 52 3
26 56 6
26 65 9
26 85 1
26 28 6
26 59 7
26 10 1
26 0 2
26 3 6
26 89 4
26 12 5
26 4 9
26 75 8
26 37 7
26 67 5
26 50 7
26 27 3
26 43 5
26 47 8
26 68 3
26 23 3
26 58 7
26 73 2
26 14 3
26 62 5
26 48 2
26 81 6
26 21 9
26 87 2
26 70 4
26 69 8
26 55 6
26 66 6
26 9 4
26 86 9
27 63 4
27 22 3
27 7 3
27 21 4
27 37 7
27 10 3
27 90 1
27 81 8
27 46 1
27 83 2
27 78 4
27 72 7
27 29 1
27 56 3
27 31 8
27 73 3
27 4 6
27 86 7
27 48 4
27 57 6
27 49 4
27 3 6
27 15 9
27 8 8
27 23 2
27 14 9
27 47 5
27 20 9
27 62 6
27 19 7
27 70 6
27 55 9
27 77 2
27 38 2
27 51 8
27 45 5
27 60 9
27 17 1
27 34 5
27 44 9
27 67 5
27 41 9
27 28 2
27 96 5
27 50 1
27 71 7
27 18 9
27 24 5
27 54 2
27 52 3
27 82 3
27 97 7
27 30 5
27 64 9
27 99 3
27 85 7
27 58 8
27 92 8
27 32 1
27 65 2
27 75 9
27 53 9
27 59 5
27 16 3
27 68 2
27 9 3
27 26 3
27 98 7
27 76 6
27 36 7
27 35 9
27 5 9
27 13 5
27 80 2
27 87 5
27 91 2
27 25 8
27 42 4
27 43 6
27 79 7
27 69 3
27 88 8
27 1 5
27 93 7
27 84 6
27 94 2
27 74 3
27 95 4
27 6 1
27 89 8
28 98 3
28 43 9
28 67 8
28 89 7
28 58 5
28 64 1
28 79 9
28 31 5
28 15 9
28 5 9
28 6 4
28 9 6
28 32 8
28 59 6
28 33 1
28 97 7
28 93 3
28 72 4
28 80 1
28 4 4
28 83 1
28 66 5
28 7 6
28 36 5
28 77 4
28 18 2
28 47 7
28 42 6
28 3 9
28 1 4
28 75 3
28 99 1
28 14 8
28 53 2
28 12 3
28 13 6
28 73 7
28 55 6
28 63 7
28 24 4
28 92 1
28 70 6
28 61 2
28 51 6
28 22 6
28 41 6
28 60 1
28 87 2
28 88 6
28 54 4
28 57 7
28 74 2
28 95 7
28 27 2
28 65 4
28 40 3
28 11 8
28 17 4
28 78 9
28 62 9
28 56 9
28 46 1
28 44 3
28 39 4
28 85 5
28 26 6
28 35 1
28 16 7
28 29 4
28 81 9
28 91 4
28 69 6
28 38 4
28 34 2
28 84 3
28 0 1
28 45 6
28 10 8
28 30 3
28 52 2
28 19 4
28 96 4
28 82 8
28 49 7
28 37 9
28 8 6
28 94 1
28 21 6
28 25 6
28 48 4
28 71 6
28 50 7
28 76 4
28 86 2
28 90 4
28 68 6
28 2 5
29 59 9
29 44 1
29 91 3
29 61 2
29 80 9
29 97 2
29 27 1
29 39 3
29 75 1
29 86 2
29 37 9
29 18 8
29 11 1
29 53 1
29 38 3
29 93 1
29 19 6
29 26 3
29 68 2
29 5 4
29 13 8
29 33 1
29 63 5
29 14 2
29 74 9
29 51 8
29 81 8
29 84 7
29 25 8
29 70 5
29 36 2
29 58 5
29 77 9
29 60 8
29 43 6
29 24 3
29 85 5
29 92 4
29 88 5
29 87 6
29 55 9
29 72 6
29 23 6
29 31 2
29 8 9
29 76 1
29 4 3
29 47 8
29 56 7
29 83 3
29 50 6
29 34 5
29 64 8
29 32 7
29 15 1
29 94 4
29 41 9
29 28 4
29 3 9
29 35 2
29 17 8
29 96 7
29 99 8
29 46 2
29 98 9
29 20 1
29 16 1
29 73 2
29 69 6
29 82 2
29 57 1
29 79 5
29 6 7
29 30 2
29 42 1
29 66 7
29 52 1
29 62 4
29 89 8
29 95 9
29 67 1
29 71 2
29 2 3
29 78 8
29 65 7
29 45 9
29 22 1
29 7 1
29 10 9
29 49 2
30 61 5
30 49 2
30 77 6
30 24 8
30 9 9
30 32 5
30 8 3
30 84 1
30 20 4
30 2 3
30 37 8
30 26 2
30 99 8
30 81 2
30 70 5
30 39 6
30 36 4
30 6 8
30 63 4
30 41 4
30 12 4
30 78 1
30 58 7
30 38 4
30 56 7
30 90 3
30 19 5
30 54 1
30 22 2
30 64 4
30 79 5
30 51 5
30 68 8
30 94 6
30 91 9
30 33 9
30 57 2
30 85 4
30 44 6
30 86 4
30 72 9
30 55 3
30 35 7
30 34 4
30 96 8
30 10 9
30 52 7
30 14 3
30 1 3
30 25 8
30 27 5
30 83 9
30 88 9
30 47 4
30 76 8
30 11 2
30 75 4
30 87 7
30 16 7
30 50 3
30 42 8
30 92 1
30 7 9
30 3 8
30 80 1
30 74 9
30 28 3
30 4 7
30 23 3
30 93 7
30 17 8
30 29 2
30 71 8
30 15 7
30 62 2
30 46 9
30 40 7
30 65 6
30 95 7
30 73 9
30 31 9
30 60 3
30 89 9
30 43 8
30 66 1
30 0 2
30 59 2
30 5 9
30 48 1
31 87 2
31 5 4
31 28 5
31 26 6
31 73 9
31 10 2
31 49 1
31 3 8
31 81 6
31 76 5
31 61 5
31 72 6
31 13 8
31 27 8
31 55 5
31 15 5
31 33 3
31 16 5
31 62 9
31 70 6
31 7 1
31 71 8
31 20 2
31 83 6
31 79 2
31 46 3
31 69 2
31 65 8
31 37 2
31 0 3
31 84 3
31 38 4
31 32 6
31 82 4
31 47 3
31 39 4
31 68 6
31 59 6
31 98 7
31 1 2
31 75 8
31 6 7
31 80 9
31 93 4
31 85 4
31 63 4
31 64 7
31 50 9
31 92 4
31 53 5
31 29 2
31 36 9
31 56 4
31 9 7
31 90 5
31 94 8
31 2 4
31 25 8
31 41 1
31 57 8
31 48 7
31 19 8
31 58 1
31 11 1
31 97 9
31 18 7
31 44 9
31 43 8
31 54 3
31 12 8
31 14 7
31 60 7
31 24 4
31 78 7
31 51 7
31 23 7
31 8 4
31 95 5
31 17 3
31 88 1
31 22 5
31 21 4
31 86 2
31 30 9
31 74 1
31 34 4
31 67 7
31 35 3
31 40 2
31 77 3
31 4 8
31 52 7
31 91 3
31 89 3
32 21 2
32 76 7
32 1 1
32 23 5
32 88 7
32 54 1
32 28 8
32 36 5
32 77 7
32 30 5
32 69 7
32 94 1
32 55 8
32 16 5
32 64 4
32 90 2
32 62 3
32 81 2
32 56 5
32 4 5
32 99 1
32 20 8
32 31 6
32 86 1
32 34 9
32 6 6
32 48 4
32 40 9
32 33 3
32 45 6
32 60 7
32 41 6
32 7 2
32 65 9
32 18 9
32 44 6
32 57 4
32 68 1
32 12 5
32 67 7
32 8 8
32 43 1
32 13 6
32 72 2
32 95 7
32 97 5
32 46 4
32 74 9
32 5 7
32 83 5
32 59 3
32 29 7
32 70 9
32 93 8
32 58 8
32 84 8
32 27 1
32 51 6
32 39 6
32 47 2
32 53 4
32 22 9
32 71 6
32 92 9
32 87 5
32 91 5
32 98 5
32 50 6
32 24 7
32 42 5
32 19 6
32 52 2
32 17 6
32 89 3
32 63 2
32 15 4
32 73 6
32 11 2
32 80 8
32 79 2
32 96 1
32 82 5
32 37 3
32 35 9
32 66 2
32 78 1
32 0 6
32 9 8
32 85 4
32 61 8
32 3 6
32 25 3
32 75 9
33 79 2
33 13 7
33 74 9
33 57 7
33 60 2
33 47 8
33 4 2
33 21 5
33 53 2
33 28 1
33 34 5
33 1 9
33 77 4
33 58 4
33 40 1
33 63 7
33 31 3
33 50 2
33 55 7
33 90 6
33 82 3
33 29 1
33 16 8
33 94 9
33 67 4
33 23 1
33 10 1
33 68 2
33 76 7
33 38 9
33 95 3
33 15 6
33 81 8
33 32 3
33 69 8
33 39 3
33 12 5
33 35 3
33 51 2
33 48 1
33 18 7
33 30 9
33 14 4
33 85 9
33 8 5
33 65 9
33 99 5
33 91 6
33 25 5
33 54 6
33 19 5
33 87 9
33 26 5
33 83 1
33 89 1
33 73 8
33 37 1
33 56 4
33 11 6
33 86 7
33 80 5
33 45 1
33 98 7
33 92 2
33 75 2
33 43 9
33 22 6
33 64 2
33 66 3
33 70 3
33 46 1
33 17 5
33 3 7
33 6 1
33 44 4
33 7 5
33 52 4
33 49 4
33 61 2
33 41 5
33 0 3
33 72 9
33 36 9
33 20 7
33 88 8
33 5 2
33 24 7
33 62 8
33 97 8
33 42 7
33 84 5
33 96 2
33 2 2
33 9 8
34 74 1
34 70 9
34 17 9
34 87 8
34 24 7
34 33 5
34 37 7
34 61 2
34 12 3
34 13 3
34 67 5
34 93 1
34 6 8
34 58 5
34 94 9
34 52 1
34 53 8
34 75 3
34 32 9
34 26 6
34 79 5
34 77 2
34 16 8
34 18 5
34 89 1
34 81 9
34 50 8
34 54 3
34 38 4
34 48 8
34 86 8
34 56 8
34 45 9
34 20 9
34 98 5
34 27 5
34 92 3
34 88 6
34 3 2
34 15 9
34 21 6
34 30 4
34 62 1
34 23 6
34 83 1
34 64 5
34 55 9
34 22 4
34 44 1
34 10 5
34 43 5
34 35 8
34 40 6
34 19 5
34 4 3
34 47 4
34 5 3
34 29 5
34 51 6
34 57 2
34 1 1
34 78 4
34 41 4
34 14 7
34 95 2
34 99 7
34 69 7
34 39 1
34 25 1
34 28 2
34 76 5
34 42 9
34 82 5
34 73 8
34 9 9
34 91 5
34 72 3
34 66 4
34 97 7
34 96 4
34 59 9
34 2 6
34 63 6
34 36 1
34 84 9
34 46 7
34 71 5
34 60 2
34 31 4
34 8 3
34 7 3
34 49 8
34 90 1
34 65 4
35 70 4
35 12 6
35 90 4
35 16 9
35 79 9
35 44 5
35 64 7
35 66 5
35 37 4
35 41 4
35 3 4
35 17 5
35 0 9
35 97 6
35 59 2
35 71 1
35 40 9
35 88 7
35 36 5
35 50 5
35 9 9
35 68 1
35 94 5
35 77 9
35 80 1
35 57 8
35 54 7
35 63 8
35 74 7
35 7 6
35 21 5
35 2 2
35 46 4
35 60 8
35 6 3
35 89 9
35 78 5
35 76 6
35 67 3
35 33 3
35 19 2
35 26 9
35 85 9
35 95 2
35 86 1
35 23 4
35 91 9
35 55 7
35 58 5
35 39 4
35 53 1
35 30 7
35 13 5
35 69 7
35 52 1
35 43 7
35 15 1
35 34 8
35 73 9
35 22 7
35 51 4
35 24 1
35 4 9
35 48 2
35 62 4
35 28 1
35 47 3
35 5 5
35 56 4
35 61 4
35 29 2
35 65 1
35 98 2
35 87 2
35 92 3
35 99 4
35 27 9
35 84 7
35 72 3
35 11 9
35 1 7
35 83 9
35 96 5
35 42 3
35 45 6
35 14 7
35 32 9
35 31 3
35 38 1
35 81 9
35 82 4
35 8 5
35 18 4
35 20 8
36 50 9
36 7 8
36 26 4
36 42 3
36 75 6
36 78 5
36 32 5
36 53 5
36 9 4
36 48 8
36 95 2
36 49 1
36 80 8
36 85 2
36 28 5
36 44 6
36 84 5
36 52 5
36 13 3
36 54 8
36 23 2
36 30 4
36 57 1
36 43 3
36 3 9
36 60 8
36 55 3
36 35 5
36 6 9
36 1 3
36 2 2
36 24 3
36 29 2
36 62 2
36 99 2
36 39 7
36 0 3
36 64 8
36 89 3
36 41 6
36 87 6
36 88 1
36 16 8
36 65 4
36 91 9
36 70 8
36 61 7
36 79 4
36 38 9
36 94 2
36 31 9
36 8 7
36 21 1
36 93 9
36 71 7
36 46 4
36 96 7
36 67 9
36 82 3
36 66 2
36 56 9
36 51 6
36 10 6
36 73 1
36 11 5
36 25 2
36 12 7
36 17 7
36 63 8
36 92 2
36 4 2
36 27 7
36 72 2
36 47 6
36 98 4
36 76 2
36 34 1
36 97 9
36 90 3
36 33 9
36 77 9
36 59 2
36 81 6
36 22 7
36 45 2
36 5 6
36 14 3
36 68 1
37 25 5
37 7 4
37 27 7
37 82 6
37 84 3
37 35 4
37 17 1
37 87 6
37 34 7
37 29 9
37 92 4
37 18 4
37 30 8
37 10 6
37 48 6
37 76 3
37 16 4
37 4 7
37 89 8
37 98 9
37 97 4
37 3 1
37 54 1
37 71 8
37 31 2
37 59 7
37 79 2
37 64 4
37 69 2
37 78 5
37 67 2
37 86 8
37 74 3
37 45 1
37 95 2
37 12 9
37 22 6
37 44 3
37 41 8
37 5 1
37 58 7
37 77 5
37 60 5
37 46 7
37 40 5
37 11 9
37 56 5
37 43 9
37 6 1
37 70 1
37 53 9
37 33 1
37 57 2
37 1 3
37 55 4
37 62 5
37 52 5
37 42 8
37 81 8
37 75 4
37 61 7
37 93 9
37 91 2
37 68 7
37 49 6
37 24 2
37 26 7
37 14 5
37 85 4
37 47 1
37 28 9
37 94 8
37 19 6
37 73 1
37 0 2
37 80 9
37 72 1
37 66 3
37 99 8
37 32 3
37 20 4
37 96 4
37 21 8
37 90 5
37 15 8
37 39 4
37 65 9
37 38 2
37 9 8
37 63 1
37 50 8
38 78 8
38 77 3
38 73 1
38 95 4
38 52 2
38 55 4
38 25 2
38 4 8
38 59 2
38 46 7
38 86 3
38 97 6
38 68 8
38 6 1
38 29 3
38 91 7
38 85 1
38 92 8
38 17 4
38 82 3
38 99 7
38 12 9
38 42 5
38 5 7
38 62 1
38 30 4
38 31 4
38 33 9
38 84 2
38 20 8
38 48 3
38 98 9
38 67 6
38 75 3
38 7 7
38 22 5
38 71 6
38 90 8
38 3 5
38 34 4
38 27 2
38 13 8
38 10 6
38 83 1
38 63 3
38 88 3
38 57 8
38 66 7
38 16 4
38 80 2
38 14 7
38 36 9
38 69 4
38 51 4
38 43 8
38 81 7
38 18 1
38 21 5
38 11 7
38 26 1
38 65 6
38 45 2
38 79 6
38 1 6
38 93 5
38 15 1
38 96 9
38 70 1
38 24 3
38 50 6
38 53 8
38 44 3
38 28 4
38 94 8
38 56 7
38 87 4
38 0 5
38 2 7
38 60 1
38 8 8
38 41 6
38 74 7
38 40 9
38 76 9
38 35 1
38 61 6
38 39 7
38 19 5
38 37 2
39 74 1
39 20 4
39 25 5
39 70 9
39 26 6
39 73 1
39 29 3
39 24 2
39 93 6
39 57 4
39 69 4
39 75 3
39 43 4
39 79 3
39 85 7
39 66 1
39 46 5
39 30 6
39 97 3
39 3 1
39 90 7
39 12 2
39 22 9
39 60 7
39 17 4
39 80 5
39 31 4
39 1 3
39 5 8
39 50 1
39 33 3
39 0 6
39 36 7
39 13 4
39 99 3
39 40 7
39 52 7
39 35 4
39 16 5
39 78 6
39 14 2
39 81 6
39 65 9
39 7 3
39 4 9
39 11 8
39 55 5
39 28 4
39 54 5
39 56 8
39 64 5
39 59 7
39 32 6
39 34 1
39 49 1
39 58 3
39 98 7
39 77 7
39 19 5
39 67 6
39 8 8
39 76 8
39 21 7
39 18 5
39 71 6
39 6 8
39 42 8
39 23 5
39 84 7
39 48 5
39 68 6
39 86 2
39 91 3
39 44 4
39 10 9
39 61 4
39 94 7
39 95 6
39 63 3
39 92 3
39 2 6
39 89 7
39 53 1
39 87 2
39 83 2
39 37 4
39 38 7
39 51 1
39 41 5
39 15 2
39 82 2
39 96 3
39 45 1
40 76 4
40 46 5
40 62 3
40 63 1
40 0 1
40 1 1
40 2 8
40 41 4
40 3 5
40 33 1
40 15 3
40 65 4
40 78 7
40 7 6
40 35 9
40 98 9
40 23 5
40 57 6
40 49 2
40 89 8
40 86 5
40 19 9
40 73 3
40 95 9
40 91 3
40 96 8
40 10 1
40 11 7
40 4 4
40 75 6
40 5 5
40 53 2
40 64 1
40 84 1
40 32 9
40 44 9
40 60 5
40 48 3
40 97 7
40 21 1
40 74 7
40 17 6
40 6 6
40 22 3
40 69 3
40 39 7
40 80 7
40 51 3
40 13 6
40 52 5
40 92 2
40 37 5
40 99 2
40 83 3
40 24 5
40 59 7
40 68 5
40 12 3
40 16 2
40 28 3
40 34 6
40 61 7
40 87 7
40 71 5
40 50 7
40 26 4
40 42 4
40 85 4
40 56 5
40 94 9
40 72 4
40 93 6
40 47 9
40 81 1
40 66 9
40 25 8
40 82 1
40 70 8
40 77 1
40 58 8
40 30 7
40 38 9
40 8 8
40 79 8
40 9 3
40 31 2
40 45 9
40 43 1
40 14 1
40 18 8
41 47 8
41 70 4
41 89 8
41 54 9
41 91 2
41 35 4
41 40 4
41 64 3
41 65 6
41 24 1
41 94 9
41 51 6
41 16 6
41 97 7
41 75 5
41 14 4
41 43 2
41 58 5
41 30 4
41 63 2
41 12 6
41 20 9
41 4 8
41 99 9
41 62 9
41 93 1
41 28 6
41 66 3
41 50 2
41 72 7
41 8 6
41 37 8
41 32 6
41 15 5
41 18 2
41 7 2
41 36 6
41 19 3
41 3 2
41 96 7
41 80 3
41 42 2
41 26 9
41 59 4
41 92 8
41 86 5
41 27 9
41 13 8
41 49 5
41 55 1
41 79 8
41 61 3
41 78 8
41 31 1
41 56 8
41 44 8
41 82 2
41 34 4
41 2 2
41 83 6
41 68 1
41 10 7
41 29 9
41 84 5
41 90 5
41 53 2
41 1 6
41 81 4
41 67 3
41 17 9
41 71 3
41 38 6
41 45 9
41 23 8
41 21 5
41 11 4
41 6 7
41 33 5
41 48 1
41 85 6
41 5 9
41 25 3
41 52 2
41 77 7
41 95 8
41 69 3
41 46 8
41 60 6
41 98 9
41 9 3
41 39 5
41 74 8
41 88 3
41 22 9
41 87 8
42 45 6
42 85 3
42 97 5
42 79 6
42 36 3
42 59 3
42 72 3
42 4 2
42 15 1
42 67 5
42 80 2
42 58 7
42 28 6
42 89 7
42 95 3
42 6 3
42 65 5
42 11 5
42 91 3
42 21 8
42 93 6
42 38 5
42 16 1
42 47 4
42 73 3
42 14 2
42 99 9
42 52 7
42 3 4
42 82 1
42 61 5
42 53 4
42 22 7
42 63 1
42 81 4
42 87 2
42 60 2
42 94 3
42 41 2
42 83 3
42 66 2
42 49 4
42 44 4
42 77 4
42 18 4
42 7 2
42 10 3
42 51 8
42 9 6
42 55 2
42 86 4
42 40 4
42 50 7
42 8 2
42 37 8
42 54 3
42 62 3
42 1 5
42 0 5
42 12 3
42 56 8
42 96 7
42 70 5
42 90 3
42 64 8
42 71 6
42 30 8
42 32 5
42 34 9
42 74 1
42 17 6
42 5 1
42 88 7
42 39 8
42 78 7
42 69 7
42 29 1
42 98 8
42 27 4
42 35 3
42 48 6
42 20 1
42 68 9
42 2 9
42 25 2
42 19 9
42 84 1
42 33 7
42 23 8
42 75 8
42 57 5
43 28 9
43 65 6
43 68 3
43 57 5
43 9 5
43 11 1
43 19 4
43 49 6
43 22 3
43 89 6
43 39 4
43 15 5
43 47 6
43 85 7
43 84 8
43 36 3
43 24 6
43 90 8
43 41 2
43 61 9
43 1 8
43 86 9
43 51 6
43 82 9
43 8 1
43 94 6
43 60 1
43 13 7
43 20 6
43 73 7
43 45 4
43 98 6
43 78 9
43 29 6
43 83 6
43 4 2
43 12 9
43 96 4
43 2 7
43 37 9
43 97 3
43 38 8
43 32 1
43 66 3
43 35 7
43 44 3
43 34 5
43 18 4
43 16 4
43 58 9
43 75 6
43 74 7
43 54 1
43 91 1
43 48 6
43 33 9
43 77 2
43 7 8
43 50 3
43 67 8
43 64 5
43 87 7
43 17 3
43 31 8
43 26 5
43 99 3
43 23 6
43 69 4
43 6 8
43 10 2
43 72 6
43 81 5
43 63 4
43 3 2
43 5 2
43 27 6
43 55 3
43 25 6
43 53 9
43 21 7
43 79 3
43 62 9
43 0 6
43 95 2
43 14 6
43 30 8
43 59 3
43 46 2
43 40 1
43 76 5
43 56 9
44 29 1
44 45 3
44 35 5
44 54 1
44 18 5
44 80 2
44 17 1
44 61 4
44 36 6
44 85 2
44 66 7
44 60 6
44 58 4
44 26 5
44 9 3
44 47 8
44 5 3
44 8 8
44 70 5
44 56 9
44 49 4
44 57 9
44 63 1
44 7 9
44 75 4
44 86 8
44 76 9
44 65 5
44 0 3
44 74 2
44 92 7
44 24 4
44 83 1
44 87 3
44 40 9
44 1 4
44 67 8
44 97 5
44 37 3
44 64 8
44 30 6
44 78 8
44 32 6
44 10 4
44 27 9
44 99 5
44 4 9
44 42 4
44 2 8
44 77 1
44 98 5
44 34 1
44 43 3
44 90 6
44 50 9
44 69 3
44 48 7
44 41 8
44 13 1
44 28 3
44 71 4
44 6 1
44 94 5
44 89 3
44 88 8
44 14 7
44 38 3
44 79 4
44 3 4
44 25 1
44 91 3
44 68 5
44 22 6
44 31 9
44 12 4
44 62 2
44 52 9
44 21 6
44 53 7
44 46 9
44 33 4
44 55 4
44 39 4
44 73 2
44 59 1
44 84 1
44 23 1
44 16 7
44 15 9
44 81 8
44 51 7
44 19 7
44 93 9
44 95 9
44 96 9
45 57 8
45 42 6
45 55 4
45 56 8
45 44 3
45 81 9
45 92 2
45 93 8
45 61 1
45 16 6
45 91 4
45 17 6
45 19 5
45 80 7
45 75 4
45 87 2
45 67 7
45 97 9
45 18 1
45 54 3
45 24 9
45 98 6
45 9 1
45 90 6
45 37 1
45 60 6
45 3 4
45 23 7
45 48 6
45 43 4
45 85 6
45 12 5
45 49 7
45 53 7
45 32 6
45 5 4
45 46 5
45 79 1
45 27 5
45 70 4
45 96 9
45 1 4
45 34 9
45 26 6
45 66 5
45 63 4
45 83 6
45 21 3
45 25 2
45 88 3
45 64 7
45 38 2
45 47 2
45 8 3
45 4 4
45 33 1
45 2 1
45 0 6
45 78 3
45 99 1
45 65 4
45 95 4
45 28 6
45 10 1
45 74 1
45 84 6
45 62 8
45 77 9
45 82 1
45 51 7
45 11 3
45 41 9
45 68 3
45 35 6
45 89 6
45 14 8
45 76 5
45 22 8
45 71 5
45 40 9
45 29 9
45 52 5
45 50 8
45 36 2
45 94 2
45 73 2
45 39 1
46 25 9
46 60 5
46 40 5
46 47 6
46 3 6
46 27 1
46 12 2
46 96 6
46 53 7
46 38 7
46 81 1
46 5 6
46 2 2
46 69 9
46 66 8
46 14 8
46 54 2
46 74 6
46 39 5
46 94 5
46 83 5
46 61 5
46 86 5
46 65 6
46 76 7
46 88 2
46 19 9
46 26 3
46 21 4
46 99 4
46 72 7
46 31 3
46 56 5
46 11 2
46 93 2
46 67 5
46 64 1
46 75 6
46 10 2
46 15 5
46 7 1
46 35 4
46 91 4
46 84 6
46 8 4
46 45 5
46 77 4
46 52 4
46 68 4
46 49 5
46 59 9
46 98 6
46 37 7
46 23 6
46 24 7
46 63 7
46 50 8
46 22 7
46 48 9
46 62 4
46 82 6
46 32 4
46 28 1
46 4 8
46 36 4
46 92 3
46 13 3
46 29 2
46 0 4
46 9 1
46 6 7
46 33 1
46 58 3
46 57 7
46 17 7
46 44 9
46 55 3
46 34 7
46 30 9
46 85 1
46 97 1
46 70 4
46 20 2
46 78 6
46 71 2
46 16 4
46 41 8
46 79 2
46 89 1
46 43 2
46 73 7
46 90 3
46 1 5
47 0 9
47 98 7
47 41 8
47 75 2
47 94 4
47 46 6
47 4 8
47 23 3
47 88 7
47 33 8
47 68 3
47 76 8
47 79 5
47 62 3
47 10 1
47 54 5
47 14 8
47 63 3
47 43 6
47 16 5
47 90 3
47 91 2
47 67 4
47 28 7
47 44 8
47 24 6
47 7 4
47 52 2
47 61 7
47 50 5
47 57 9
47 20 9
47 17 2
47 42 4
47 6 6
47 95 8
47 31 3
47 25 8
47 73 8
47 12 2
47 27 5
47 80 9
47 2 8
47 5 4
47 64 5
47 85 4
47 83 9
47 78 8
47 22 8
47 56 7
47 82 5
47 15 9
47 29 8
47 34 4
47 45 2
47 19 4
47 9 5
47 30 4
47 81 7
47 60 5
47 35 3
47 40 9
47 32 2
47 59 1
47 8 7
47 58 8
47 96 6
47 49 2
47 86 1
47 65 1
47 26 8
47 72 2
47 66 3
47 36 6
47 37 1
47 77 6
47 3 5
47 92 8
47 53 5
47 99 2
47 84 7
47 51 2
47 21 3
47 13 3
47 87 9
47 71 6
47 1 6
47 55 9
47 93 5
47 69 9
47 11 1
48 3 4
48 60 5
48 86 4
48 77 5
48 8 8
48 23 2
48 90 3
48 99 4
48 36 8
48 82 6
48 85 8
48 89 6
48 37 6
48 55 7
48 65 1
48 15 2
48 4 5
48 27 4
48 68 4
48 57 6
48 81 1
48 70 5
48 52 2
48 80 3
48 73 4
48 50 6
48 38 3
48 97 9
48 94 6
48 5 2
48 45 6
48 32 4
48 40 3
48 13 4
48 33 1
48 74 7
48 34 8
48 2 4
48 49 2
48 63 5
48 71 7
48 6 5
48 17 3
48 93 6
48 75 5
48 98 5
48 20 3
48 18 3
48 11 3
48 22 5
48 46 9
48 53 7
48 12 5
48 76 7
48 56 4
48 44 7
48 54 9
48 31 7
48 96 2
48 59 4
48 35 2
48 43 6
48 24 9
48 87 6
48 66 7
48 19 9
48 0 1
48 72 3
48 25 4
48 39 5
48 64 5
48 7 9
48 78 2
48 9 4
48 61 1
48 42 6
48 26 2
48 58 3
48 41 1
48 28 4
48 88 4
48 92 3
48 79 4
48 51 9
48 1 1
48 14 8
48 91 9
48 67 2
48 84 4
48 30 1
49 92 3
49 30 2
49 98 7
49 82 5
49 70 4
49 90 6
49 31 1
49 43 6
49 99 8
49 36 1
49 73 7
49 74 4
49 4 3
49 52 2
49 58 5
49 64 7
49 71 8
49 62 6
49 6 9
49 18 2
49 94 7
49 40 2
49 93 4
49 51 4
49 44 4
49 27 4
49 89 3
49 57 1
49 50 2
49 55 9
49 63 3
49 20 2
49 45 7
49 87 6
49 17 2
49 25 2
49 13 6
49 77 7
49 11 7
49 85 8
49 67 4
49 48 2
49 59 9
49 46 5
49 83 4
49 24 9
49 78 6
49 75 4
49 97 7
49 91 7
49 0 7
49 42 4
49 12 4
49 41 5
49 21 2
49 26 5
49 66 7
49 65 2
49 60 3
49 1 3
49 22 7
49 79 4
49 95 3
49 10 6
49 68 4
49 39 1
49 5 9
49 37 6
49 47 2
49 7 7
49 14 7
49 9 9
49 54 6
49 28 7
49 19 3
49 56 5
49 84 4
49 33 4
49 8 6
49 61 4
49 72 5
49 80 3
49 23 7
49 69 4
49 3 6
49 86 9
49 34 8
49 29 2
49 76 6
49 15 9
50 36 9
50 61 4
50 59 3
50 13 9
50 91 5
50 70 1
50 73 4
50 9 7
50 17 8
50 33 2
50 55 4
50 35 5
50 4 1
50 47 5
50 1 6
50 88 6
50 74 3
50 83 5
50 85 3
50 48 6
50 3 9
50 49 2
50 71 8
50 10 7
50 39 1
50 79 8
50 51 8
50 41 2
50 34 8
50 11 9
50 20 5
50 6 1
50 52 5
50 31 9
50 46 8
50 72 4
50 2 8
50 27 1
50 64 2
50 12 9
50 44 9
50 7 6
50 29 6
50 77 9
50 94 7
50 62 5
50 40 7
50 42 7
50 67 2
50 14 6
50 93 6
50 65 4
50 38 6
50 19 1
50 81 1
50 43 3
50 15 9
50 60 7
50 32 6
50 30 3
50 69 8
50 26 7
50 90 4
50 8 7
50 21 9
50 66 7
50 63 3
50 95 5
50 22 8
50 96 2
50 78 7
50 53 1
50 97 2
50 76 3
50 68 1
50 58 6
50 23 1
50 80 2
50 89 7
50 28 7
50 54 5
50 16 2
50 84 1
50 98 1
50 92 6
50 45 8
50 82 6
50 75 3
50 5 7
50 25 1
50 37 8
51 81 4
51 7 3
51 12 4
51 24 3
51 10 8
51 97 7
51 93 3
51 62 6
51 15 6
51 72 1
51 41 6
51 76 1
51 8 3
51 3 6
51 29 8
51 49 4
51 73 5
51 23 6
51 80 8
51 20 1
51 21 7
51 66 7
51 43 6
51 67 7
51 18 6
51 28 6
51 53 5
51 69 2
51 61 2
51 50 8
51 30 5
51 60 5
51 4 9
51 55 4
51 33 2
51 14 2
51 98 6
51 27 8
51 94 5
51 58 3
51 40 3
51 6 6
51 2 2
51 87 7
51 83 1
51 90 9
51 86 2
51 82 4
51 38 4
51 78 4
51 17 7
51 74 2
51 42 8
51 34 6
51 85 1
51 35 4
51 16 7
51 57 7
51 36 6
51 32 6
51 9 6
51 25 8
51 11 6
51 54 1
51 84 9
51 52 2
51 63 7
51 91 8
51 70 9
51 65 3
51 45 7
51 31 7
51 68 5
51 1 5
51 99 6
51 47 2
51 13 4
51 5 8
51 92 3
51 79 8
51 71 3
51 95 4
51 48 9
51 22 9
51 75 3
51 44 7
51 19 5
51 64 2
51 89 1
51 39 1
51 88 5
52 60 4
52 65 4
52 8 5
52 83 8
52 69 2
52 38 2
52 0 3
52 86 6
52 61 2
52 81 3
52 66 6
52 82 1
52 36 5
52 85 6
52 76 7
52 68 6
52 49 2
52 73 5
52 98 1
52 47 2
52 72 6
52 54 8
52 34 1
52 48 2
52 11 9
52 3 5
52 2 1
52 16 8
52 42 7
52 57 3
52 55 9
52 93 5
52 91 5
52 46 4
52 40 5
52 53 6
52 87 7
52 20 5
52 39 7
52 62 9
52 50 5
52 95 4
52 71 9
52 6 8
52 35 1
52 7 9
52 80 2
52 30 7
52 23 6
52 27 3
52 26 3
52 37 5
52 24 9
52 79 5
52 90 6
52 92 6
52 5 2
52 77 2
52 58 3
52 17 1
52 70 8
52 51 2
52 32 2
52 22 4
52 25 8
52 28 2
52 44 9
52 13 6
52 33 4
52 59 6
52 15 4
52 29 1
52 63 3
52 19 4
52 4 9
52 78 3
52 84 8
52 12 1
52 41 2
52 67 1
52 21 4
52 96 9
52 31 7
52 74 3
52 45 5
52 10 3
52 89 2
52 94 4
52 14 3
53 57 5
53 97 1
53 59 5
53 87 3
53 69 3
53 33 2
53 16 4
53 0 7
53 36 5
53 72 1
53 46 7
53 2 9
53 56 4
53 80 2
53 29 1
53 23 8
53 86 6
53 55 9
53 19 8
53 76 5
53 85 5
53 94 6
53 28 2
53 71 1
53 10 9
53 13 2
53 4 9
53 63 3
53 24 8
53 77 2
53 70 1
53 34 8
53 14 9
53 99 9
53 40 2
53 66 7
53 18 7
53 42 4
53 51 5
53 26 3
53 89 6
53 45 7
53 17 2
53 93 4
53 74 8
53 3 9
53 52 6
53 91 7
53 92 1
53 21 3
53 35 1
53 31 5
53 58 3
53 62 9
53 37 9
53 67 7
53 64 4
53 88 8
53 79 9
53 12 3
53 82 3
53 90 6
53 48 7
53 73 9
53 84 3
53 65 9
53 96 1
53 68 7
53 15 1
53 8 7
53 41 2
53 32 4
53 38 8
53 5 2
53 27 9
53 61 1
53 98 3
53 83 6
53 54 5
53 75 5
53 44 7
53 1 5
53 95 7
53 22 2
53 47 5
53 50 1
53 43 9
53 81 4
53 11 6
53 7 1
53 78 4
53 20 5
53 39 1
53 9 1
53 6 1
53 60 6
54 81 5
54 88 4
54 41 9
54 90 8
54 70 7
54 32 1
54 44 1
54 47 5
54 15 5
54 92 6
54 22 3
54 84 5
54 46 2
54 83 6
54 36 8
54 14 7
54 89 9
54 10 4
54 19 7
54 45 3
54 37 1
54 65 9
54 52 8
54 1 3
54 66 2
54 17 6
54 35 7
54 91 7
54 30 1
54 67 6
54 72 3
54 26 5
54 77 2
54 87 6
54 11 9
54 82 5
54 34 3
54 8 2
54 28 4
54 61 3
54 60 5
54 7 2
54 33 6
54 71 5
54 3 6
54 55 5
54 73 7
54 5 7
54 27 2
54 12 5
54 2 7
54 48 9
54 20 9
54 42 3
54 43 1
54 80 3
54 39 5
54 97 2
54 16 6
54 4 1
54 98 1
54 96 1
54 0 3
54 51 1
54 63 6
54 31 3
54 69 7
54 53 5
54 86 3
54 95 7
54 13 9
54 49 6
54 75 4
54 21 1
54 57 7
54 64 4
54 93 1
54 76 5
54 85 2
54 6 6
54 62 8
54 25 9
54 78 7
54 18 8
54 74 2
54 94 6
54 9 2
54 50 5
54 68 3
54 58 9
54 79 9
55 98 8
55 93 2
55 16 1
55 89 8
55 45 4
55 64 6
55 18 8
55 38 4
55 2 6
55 24 2
55 5 2
55 85 9
55 88 1
55 74 1
55 14 9
55 75 2
55 23 5
55 53 9
55 31 5
55 3 9
55 95 5
55 32 8
55 48 7
55 60 3
55 58 5
55 15 2
55 50 4
55 33 7
55 36 3
55 1 5
55 79 9
55 13 5
55 28 6
55 57 6
55 61 2
55 4 2
55 49 9
55 52 9
55 25 3
55 10 5
55 76 1
55 67 1
55 51 4
55 27 9
55 8 7
55 83 9
55 29 9
55 78 1
55 35 7
55 80 3
55 94 2
55 21 6
55 9 7
55 63 8
55 56 4
55 30 3
55 68 7
55 34 9
55 54 5
55 0 2
55 41 1
55 37 4
55 42 2
55 39 5
55 59 6
55 70 6
55 82 9
55 84 1
55 6 1
55 19 5
55 91 7
55 87 7
55 96 7
55 12 8
55 7 6
55 17 9
55 44 4
55 65 3
55 46 3
55 43 3
55 90 1
55 86 2
55 81 2
55 92 4
55 73 3
55 62 1
55 47 9
55 71 8
55 69 8
55 26 6
55 97 9
56 2 7
56 45 8
56 93 3
56 66 4
56 25 2
56 58 4
56 89 5
56 79 6
56 97 3
56 27 3
56 24 9
56 69 3
56 61 8
56 53 4
56 77 5
56 67 9
56 87 7
56 12 8
56 95 3
56 70 3
56 44 9
56 32 5
56 92 2
56 94 3
56 46 5
56 30 7
56 65 7
56 7 5
56 84 3
56 63 8
56 5 3
56 11 9
56 20 8
56 62 6
56 59 5
56 82 6
56 8 6
56 16 3
56 17 1
56 75 7
56 73 9
56 0 6
56 83 5
56 34 8
56 14 5
56 22 8
56 47 7
56 37 5
56 21 4
56 60 7
56 6 6
56 55 4
56 80 7
56 31 4
56 29 7
56 91 6
56 33 4
56 4 5
56 71 7
56 68 9
56 90 6
56 98 8
56 74 3
56 99 1
56 15 7
56 48 4
56 81 1
56 28 9
56 41 8
56 26 6
56 40 5
56 64 8
56 36 9
56 42 8
56 39 8
56 23 3
56 35 4
56 38 7
56 19 3
56 10 2
56 9 7
56 3 2
56 49 5
56 96 8
56 78 5
56 85 1
56 13 1
56 57 4
56 72 2
56 18 4
56 86 9
56 43 9
57 53 5
57 45 8
57 0 2
57 33 7
57 11 1
57 43 5
57 58 8
57 81 4
57 9 5
57 94 1
57 59 5
57 16 1
57 39 4
57 97 8
57 64 1
57 86 1
57 5 9
57 91 3
57 36 1
57 40 6
57 85 3
57 47 9
57 68 8
57 44 9
57 15 9
57 99 2
57 27 6
57 90 3
57 48 6
57 35 8
57 49 1
57 80 5
57 55 6
57 8 4
57 2 9
57 82 7
57 52 3
57 75 1
57 92 2
57 14 1
57 70 9
57 73 8
57 30 2
57 60 3
57 28 7
57 95 9
57 38 8
57 1 5
57 67 6
57 62 9
57 32 4
57 26 9
57 24 9
57 23 2
57 37 2
57 13 9
57 20 6
57 79 4
57 72 6
57 31 8
57 34 2
57 21 2
57 69 8
57 3 5
57 87 2
57 83 6
57 77 7
57 89 6
57 51 7
57 63 4
57 98 4
57 18 9
57 66 7
57 84 4
57 78 5
57 61 1
57 65 7
57 46 7
57 17 6
57 76 3
57 54 7
57 29 1
57 22 6
57 4 1
57 96 1
57 12 7
57 93 9
57 56 4
57 19 5
57 74 3
57 10 3
57 25 2
57 88 5
57 42 5
58 23 1
58 28 5
58 57 8
58 67 3
58 90 1
58 56 4
58 21 5
58 63 2
58 85 2
58 25 8
58 14 1
58 19 8
58 86 1
58 33 4
58 87 6
58 6 7
58 42 7
58 93 9
58 88 2
58 44 4
58 5 8
58 55 5
58 34 5
58 49 5
58 81 9
58 61 2
58 41 5
58 30 7
58 70 4
58 72 9
58 24 6
58 84 5
58 68 5
58 9 3
58 0 6
58 2 6
58 92 7
58 15 9
58 29 5
58 95 1
58 79 2
58 37 7
58 17 6
58 10 8
58 51 3
58 62 2
58 69 7
58 16 2
58 80 3
58 76 4
58 66 1
58 97 9
58 35 5
58 64 6
58 53 3
58 60 7
58 20 4
58 8 7
58 91 3
58 4 5
58 65 6
58 43 9
58 1 6
58 96 3
58 7 6
58 89 9
58 32 8
58 11 5
58 99 1
58 27 8
58 31 1
58 39 3
58 47 8
58 82 2
58 52 3
58 77 3
58 73 6
58 18 6
58 3 1
58 46 3
58 26 7
58 40 8
58 48 3
58 94 5
58 50 6
58 78 2
58 59 8
58 12 9
58 74 9
58 75 2
58 54 9
58 98 8
59 29 9
59 69 3
59 60 4
59 53 5
59 50 3
59 61 3
59 7 7
59 42 3
59 57 5
59 9 5
59 38 2
59 28 6
59 2 2
59 35 2
59 70 8
59 10 6
59 14 4
59 5 1
59 0 7
59 97 9
59 17 7
59 84 3
59 91 3
59 63 8
59 83 2
59 12 9
59 75 1
59 72 4
59 99 4
59 6 9
59 37 7
59 76 3
59 22 8
59 88 5
59 31 6
59 56 5
59 98 7
59 67 8
59 90 5
59 11 6
59 82 6
59 77 8
59 49 9
59 19 9
59 46 9
59 25 3
59 23 7
59 41 4
59 94 8
59 62 4
59 40 7
59 74 3
59 86 1
59 1 4
59 93 2
59 32 3
59 95 7
59 8 8
59 55 6
59 48 4
59 26 7
59 39 7
59 47 1
59 15 9
59 81 4
59 27 5
59 85 8
59 87 3
59 24 2
59 34 9
59 52 6
59 4 2
59 44 1
59 20 8
59 3 6
59 71 8
59 79 4
59 65 1
59 21 5
59 36 2
59 58 8
59 43 3
59 96 4
59 30 2
59 18 8
60 46 5
60 82 4
60 86 6
60 52 4
60 59 4
60 48 5
60 33 2
60 72 8
60 23 1
60 91 4
60 21 1
60 0 9
60 67 5
60 44 6
60 55 3
60 65 4
60 99 7
60 36 8
60 80 4
60 13 4
60 12 9
60 94 2
60 26 4
60 88 7
60 39 7
60 63 5
60 25 7
60 62 5
60 24 5
60 43 1
60 45 6
60 28 1
60 40 5
60 35 8
60 51 5
60 29 8
60 2 3
60 66 3
60 20 4
60 32 7
60 15 1
60 42 2
60 57 3
60 37 5
60 54 5
60 68 6
60 6 4
60 27 9
60 56 7
60 79 4
60 97 9
60 96 8
60 70 9
60 58 7
60 81 6
60 78 5
60 14 9
60 11 4
60 4 3
60 8 7
60 5 1
60 49 3
60 76 1
60 18 4
60 83 3
60 47 5
60 87 2
60 84 6
60 92 7
60 3 1
60 89 6
60 50 7
60 93 8
60 38 1
60 9 9
60 31 7
60 73 4
60 69 1
60 1 5
60 75 6
60 7 8
60 17 5
60 95 4
60 98 4
60 71 4
60 77 4
60 10 2
60 34 2
60 30 3
60 90 1
60 19 1
60 41 6
60 22 7
60 74 1
60 64 8
60 85 7
60 53 6
61 30 5
61 29 2
61 0 3
61 75 2
61 50 4
61 59 3
61 25 1
61 72 1
61 45 1
61 52 2
61 78 3
61 34 2
61 23 9
61 56 8
61 31 5
61 44 4
61 15 1
61 74 7
61 65 5
61 46 5
61 58 2
61 47 7
61 43 9
61 3 5
61 70 1
61 11 1
61 97 1
61 94 5
61 55 2
61 9 1
61 13 5
61 28 2
61 93 5
61 69 2
61 42 5
61 51 2
61 99 2
61 90 1
61 73 5
61 68 8
61 80 6
61 54 3
61 8 1
61 86 4
61 26 5
61 19 8
61 36 7
61 76 3
61 10 5
61 71 3
61 95 3
61 41 3
61 21 8
61 40 7
61 18 3
61 96 4
61 16 9
61 37 7
61 35 4
61 2 2
61 53 1
61 82 5
61 88 4
61 66 5
61 57 1
61 87 8
61 22 1
61 64 7
61 62 8
61 6 4
61 20 4
61 63 3
61 85 5
61 5 4
61 24 9
61 17 7
61 7 2
61 33 2
61 48 1
61 39 4
61 92 1
61 49 4
61 84 8
61 77 6
61 83 2
61 79 4
61 14 5
61 98 1
61 1 6
61 91 9
61 38 6
61 32 8
61 4 9
62 76 9
62 40 3
62 87 9
62 69 9
62 47 3
62 23 1
62 51 6
62 89 3
62 67 2
62 80 6
62 66 1
62 7 6
62 3 6
62 71 1
62 31 9
62 49 6
62 96 5
62 32 3
62 12 6
62 19 6
62 38 1
62 97 4
62 6 7
62 8 1
62 60 5
62 5 4
62 41 9
62 56 6
62 63 6
62 68 9
62 36 2
62 10 2
62 18 2
62 27 6
62 72 5
62 16 6
62 11 8
62 65 3
62 58 2
62 22 8
62 85 6
62 94 9
62 88 9
62 75 4
62 92 2
62 14 8
62 84 5
62 86 5
62 52 9
62 17 2
62 74 8
62 73 8
62 91 6
62 59 4
62 57 9
62 34 1
62 53 9
62 93 7
62 21 6
62 81 2
62 46 4
62 95 6
62 64 8
62 4 5
62 28 9
62 15 7
62 50 5
62 37 5
62 82 7
62 9 1
62 42 3
62 35 4
62 79 4
62 78 2
62 24 5
62 1 6
62 13 7
62 45 8
62 44 2
62 61 8
62 54 8
62 99 7
62 0 8
62 26 5
62 29 4
62 30 2
62 20 8
62 43 9
62 90 9
62 70 7
62 55 1
62 33 8
62 77 9
62 25 4
63 27 4
63 98 4
63 8 2
63 40 1
63 67 9
63 14 6
63 72 1
63 66 8
63 58 2
63 91 6
63 47 3
63 33 7
63 85 9
63 88 4
63 89 1
63 93 5
63 64 1
63 4 7
63 78 4
63 79 1
63 30 4
63 1 2
63 59 8
63 29 5
63 83 6
63 41 2
63 75 5
63 73 6
63 44 1
63 53 3
63 60 5
63 12 5
63 7 6
63 28 7
63 35 8
63 26 1
63 99 4
63 97 5
63 56 8
63 62 6
63 49 3
63 42 1
63 76 6
63 2 3
63 94 9
63 18 9
63 95 7
63 38 3
63 17 7
63 48 5
63 31 4
63 46 7
63 55 8
63 81 4
63 96 3
63 45 4
63 68 3
63 84 8
63 57 4
63 65 2
63 82 5
63 22 9
63 16 1
63 74 9
63 13 4
63 54 6
63 51 7
63 36 8
63 9 9
63 50 3
63 21 6
63 69 4
63 43 4
63 87 7
63 32 2
63 20 3
63 61 3
63 34 6
63 5 2
63 52 3
63 90 5
63 23 2
63 3 4
63 70 6
63 25 6
63 15 8
63 39 3
63 0 1
63 80 5
63 71 6
63 19 6
63 37 1
63 10 3
63 77 8
64 6 2
64 28 1
64 96 8
64 91 4
64 19 8
64 35 7
64 55 6
64 76 9
64 13 7
64 23 3
64 41 3
64 14 1
64 86 5
64 24 5
64 89 2
64 57 1
64 63 1
64 49 7
64 82 9
64 99 3
64 32 4
64 16 3
64 3 2
64 46 1
64 37 4
64 7 7
64 12 7
64 40 1
64 30 4
64 79 8
64 1 2
64 78 8
64 92 4
64 84 9
64 67 4
64 44 8
64 68 9
64 47 5
64 36 8
64 87 5
64 8 7
64 11 2
64 31 7
64 58 6
64 81 4
64 25 5
64 73 7
64 88 2
64 70 1
64 34 5
64 50 2
64 53 4
64 0 9
64 15 3
64 74 3
64 62 8
64 65 6
64 45 7
64 26 2
64 29 8
64 85 1
64 72 7
64 27 9
64 56 8
64 75 1
64 39 5
64 42 8
64 83 4
64 95 8
64 21 5
64 43 5
64 71 2
64 80 4
64 33 2
64 9 1
64 66 2
64 93 2
64 22 3
64 94 7
64 54 4
64 61 7
64 48 5
64 10 9
64 90 9
64 4 4
64 98 4
64 2 8
64 77 9
64 51 2
64 5 9
64 97 2
64 18 9
64 60 8
64 17 3
65 43 6
65 52 4
65 5 5
65 10 7
65 72 7
65 94 2
65 99 6
65 40 4
65 61 5
65 41 6
65 15 2
65 90 3
65 48 1
65 80 6
65 46 6
65 60 4
65 42 5
65 87 9
65 67 1
65 54 9
65 88 8
65 31 8
65 23 5
65 83 3
65 56 7
65 71 2
65 74 8
65 44 5
65 68 5
65 3 1
65 20 5
65 89 9
65 95 9
65 0 8
65 13 2
65 78 2
65 79 3
65 62 3
65 19 5
65 32 9
65 33 9
65 85 4
65 36 4
65 77 2
65 21 6
65 84 7
65 25 7
65 1 3
65 28 4
65 81 8
65 16 6
65 39 9
65 64 6
65 66 1
65 49 2
65 38 6
65 53 9
65 58 6
65 82 6
65 11 9
65 8 9
65 26 9
65 86 5
65 50 4
65 27 2
65 96 5
65 63 2
65 45 4
65 7 5
65 2 3
65 35 1
65 22 3
65 17 8
65 47 1
65 14 5
65 6 9
65 75 9
65 12 3
65 57 7
65 97 1
65 51 3
65 24 2
65 93 6
65 55 3
65 30 6
65 98 8
65 59 1
65 73 1
65 29 7
65 91 1
65 76 7
65 92 4
65 37 9
65 34 4
65 18 4
66 76 5
66 6 6
66 56 4
66 63 8
66 35 5
66 10 4
66 28 5
66 52 6
66 85 6
66 95 9
66 44 7
66 46 8
66 39 1
66 62 1
66 5 5
66 91 7
66 12 6
66 82 2
66 68 8
66 54 2
66 11 1
66 21 3
66 51 7
66 53 7
66 4 6
66 79 7
66 41 3
66 22 9
66 60 3
66 2 8
66 86 2
66 74 2
66 38 7
66 77 4
66 94 2
66 58 1
66 13 8
66 42 2
66 87 9
66 9 7
66 71 1
66 80 5
66 45 5
66 43 3
66 49 7
66 16 2
66 93 1
66 65 1
66 23 6
66 7 3
66 25 7
66 88 4
66 24 2
66 36 2
66 75 8
66 83 3
66 48 7
66 72 7
66 8 6
66 15 9
66 81 7
66 57 7
66 33 3
66 40 9
66 64 2
66 78 9
66 50 7
66 61 5
66 0 1
66 3 7
66 34 4
66 47 3
66 20 6
66 29 7
66 70 4
66 18 7
66 67 1
66 73 2
66 89 7
66 37 3
66 96 6
66 99 6
66 32 2
66 90 1
66 30 1
66 92 4
66 26 6
66 97 8
66 14 1
67 28 8
67 18 8
67 63 9
67 58 3
67 0 1
67 17 3
67 9 3
67 60 5
67 82 9
67 56 9
67 62 2
67 42 5
67 34 5
67 22 7
67 47 4
67 99 6
67 45 7
67 5 8
67 72 9
67 10 9
67 11 2
67 65 1
67 75 3
67 33 4
67 12 5
67 79 4
67 95 3
67 46 5
67 73 1
67 4 8
67 51 7
67 37 2
67 14 9
67 78 3
67 54 6
67 91 8
67 38 6
67 88 9
67 86 1
67 59 8
67 55 1
67 89 5
67 85 3
67 21 8
67 68 6
67 15 3
67 44 8
67 35 3
67 64 4
67 1 5
67 92 8
67 49 4
67 83 6
67 3 8
67 27 5
67 57 6
67 25 3
67 96 5
67 32 7
67 76 9
67 53 7
67 24 8
67 20 1
67 70 2
67 2 7
67 97 1
67 93 7
67 50 2
67 36 9
67 23 9
67 90 6
67 43 8
67 16 4
67 39 6
67 69 2
67 26 5
67 41 3
67 94 6
67 81 5
67 98 8
67 66 1
67 87 5
67 29 1
67 80 1
67 71 4
67 77 1
67 6 1
67 19 1
67 52 1
67 31 7
67 8 6
67 48 2
67 7 2
68 73 9
68 20 4
68 43 3
68 47 3
68 2 2
68 99 2
68 7 2
68 9 9
68 70 2
68 38 8
68 78 9
68 69 7
68 80 8
68 52 6
68 29 2
68 89 7
68 79 1
68 35 1
68 25 8
68 57 8
68 6 6
68 33 2
68 48 4
68 66 8
68 58 5
68 11 2
68 4 4
68 65 5
68 5 5
68 74 9
68 76 3
68 18 2
68 31 6
68 81 1
68 23 4
68 62 9
68 30 8
68 91 1
68 10 6
68 67 6
68 97 2
68 96 1
68 13 2
68 61 8
68 64 9
68 88 4
68 46 4
68 60 6
68 98 4
68 32 1
68 55 7
68 40 5
68 77 1
68 56 9
68 63 3
68 53 7
68 93 7
68 87 1
68 24 2
68 15 9
68 41 1
68 95 8
68 49 4
68 37 7
68 44 5
68 27 2
68 0 6
68 84 6
68 85 1
68 71 3
68 19 2
68 26 3
68 12 9
68 39 6
68 3 2
68 51 5
68 1 7
68 92 2
68 45 3
68 50 1
68 86 3
68 82 7
68 8 6
68 42 9
68 54 3
68 75 7
68 28 6
68 83 5
68 36 1
68 17 8
69 59 3
69 52 2
69 53 3
69 81 3
69 62 9
69 56 3
69 25 3
69 32 7
69 39 4
69 68 7
69 46 9
69 82 9
69 97 1
69 14 5
69 2 6
69 9 5
69 91 2
69 0 4
69 87 1
69 75 9
69 3 6
69 95 6
69 31 2
69 94 1
69 4 2
69 80 4
69 18 5
69 96 9
69 83 8
69 37 2
69 73 6
69 85 5
69 61 2
69 92 1
69 21 4
69 51 2
69 33 8
69 74 4
69 79 4
69 40 3
69 58 7
69 5 5
69 11 1
69 15 1
69 17 5
69 8 3
69 90 8
69 12 9
69 86 3
69 72 7
69 35 7
69 38 4
69 71 6
69 84 1
69 70 4
69 76 9
69 44 3
69 23 4
69 57 8
69 1 6
69 16 4
69 28 6
69 34 7
69 19 5
69 7 3
69 99 4
69 13 5
69 50 8
69 67 2
69 54 7
69 43 4
69 20 6
69 29 6
69 63 4
69 60 1
69 42 7
69 10 4
69 27 3
69 24 2
69 49 4
69 22 3
69 98 3
69 26 8
69 41 3
69 78 7
69 55 8
69 88 6
69 47 9
69 93 5
69 6 9
70 34 9
70 41 4
70 35 4
70 39 9
70 54 7
70 11 9
70 49 4
70 0 6
70 1 8
70 97 6
70 76 3
70 50 1
70 10 1
70 68 2
70 59 8
70 30 5
70 90 4
70 16 9
70 17 7
70 56 3
70 31 6
70 22 3
70 91 4
70 44 5
70 58 4
70 61 1
70 23 8
70 24 7
70 48 5
70 93 2
70 18 2
70 82 2
70 53 1
70 28 6
70 85 3
70 29 5
70 12 4
70 74 3
70 57 9
70 27 6
70 25 8
70 45 4
70 4 5
70 92 3
70 36 8
70 20 4
70 37 1
70 60 9
70 64 1
70 3 9
70 81 3
70 6 1
70 69 4
70 67 2
70 73 2
70 9 3
70 8 8
70 79 8
70 32 9
70 94 2
70 84 1
70 55 6
70 38 1
70 19 9
70 42 5
70 77 4
70 15 4
70 99 4
70 87 4
70 72 2
70 78 6
70 75 4
70 52 8
70 33 3
70 95 6
70 51 9
70 2 7
70 40 8
70 98 6
70 5 5
70 86 8
70 66 4
70 89 6
70 63 6
70 71 7
70 46 4
70 7 4
70 26 4
70 62 7
70 96 6
70 14 6
70 21 9
70 13 5
70 88 2
71 4 1
71 89 6
71 95 7
71 10 2
71 75 9
71 5 8
71 96 9
71 19 7
71 35 1
71 7 2
71 1 8
71 62 1
71 77 6
71 49 8
71 81 9
71 73 6
71 86 7
71 31 8
71 53 1
71 84 3
71 37 8
71 20 7
71 65 2
71 8 5
71 0 1
71 50 8
71 11 2
71 74 8
71 38 6
71 21 1
71 2 6
71 90 9
71 99 8
71 48 7
71 26 6
71 97 6
71 16 7
71 54 5
71 52 9
71 15 3
71 66 1
71 80 7
71 69 6
71 27 7
71 56 7
71 61 3
71 17 5
71 3 8
71 18 1
71 40 5
71 12 8
71 44 4
71 87 5
71 36 7
71 23 3
71 93 3
71 72 3
71 32 6
71 83 5
71 42 6
71 82 3
71 64 2
71 94 2
71 68 3
71 25 3
71 88 9
71 41 3
71 78 2
71 6 9
71 98 6
71 39 6
71 14 5
71 91 6
71 30 8
71 59 8
71 34 5
71 45 5
71 60 4
71 24 8
71 67 4
71 47 6
71 29 2
71 51 3
71 70 7
71 28 6
71 46 2
71 85 8
71 13 4
71 79 5
71 55 8
71 76 7
71 63 6
71 9 2
72 3 9
72 15 3
72 10 4
72 21 1
72 61 1
72 60 8
72 63 1
72 42 3
72 27 7
72 87 1
72 65 7
72 53 1
72 25 3
72 28 4
72 4 5
72 31 6
72 14 5
72 77 4
72 92 5
72 9 7
72 51 1
72 67 9
72 26 2
72 46 7
72 52 6
72 59 4
72 95 4
72 58 9
72 54 3
72 1 7
72 7 9
72 41 7
72 17 2
72 13 8
72 62 5
72 29 6
72 18 4
72 81 6
72 69 7
72 30 9
72 0 1
72 83 9
72 50 4
72 93 8
72 32 2
72 82 3
72 85 3
72 90 7
72 12 3
72 57 6
72 64 7
72 86 4
72 40 4
72 71 3
72 8 5
72 73 6
72 75 9
72 23 7
72 66 7
72 70 2
72 48 3
72 84 2
72 43 6
72 34 3
72 47 2
72 79 7
72 36 2
72 35 3
72 98 9
72 76 8
72 37 1
72 49 5
72 20 5
72 33 9
72 89 2
72 24 8
72 2 1
72 78 2
72 94 8
72 91 4
72 22 2
72 97 1
72 96 1
72 80 2
72 56 2
72 5 3
72 99 4
72 74 6
72 16 6
73 68 9
73 31 9
73 38 1
73 39 1
73 88 1
73 7 5
73 3 1
73 21 2
73 50 4
73 5 3
73 49 7
73 17 8
73 2 1
73 6 5
73 27 3
73 52 5
73 86 4
73 71 6
73 78 4
73 20 2
73 93 4
73 98 8
73 51 5
73 63 6
73 40 3
73 24 2
73 0 3
73 67 1
73 42 3
73 14 2
73 28 7
73 48 4
73 69 6
73 85 8
73 47 8
73 43 7
73 11 2
73 61 5
73 57 8
73 10 8
73 99 7
73 12 7
73 56 9
73 62 8
73 4 5
73 64 7
73 95 7
73 15 5
73 33 8
73 54 7
73 35 9
73 70 2
73 13 2
73 53 9
73 92 1
73 83 4
73 19 9
73 25 9
73 72 6
73 96 5
73 36 1
73 89 5
73 79 5
73 58 6
73 34 8
73 29 2
73 81 7
73 84 2
73 60 4
73 97 1
73 26 2
73 94 7
73 1 2
73 23 8
73 44 2
73 74 8
73 32 6
73 37 1
73 66 2
73 16 2
73 75 2
73 30 9
73 55 3
73 22 7
73 65 1
73 82 7
73 87 6
73 76 3
73 80 8
73 18 7
73 46 7
73 45 2
74 39 1
74 1 6
74 96 5
74 34 1
74 33 9
74 7 8
74 87 9
74 14 9
74 99 6
74 85 8
74 0 2
74 55 1
74 76 7
74 49 4
74 61 7
74 6 9
74 46 6
74 86 2
74 90 5
74 93 6
74 95 6
74 18 5
74 15 6
74 29 9
74 50 3
74 65 8
74 35 7
74 26 4
74 13 8
74 68 9
74 44 2
74 78 3
74 23 8
74 37 3
74 71 8
74 40 7
74 69 4
74 70 3
74 53 8
74 48 7
74 66 2
74 11 7
74 28 2
74 62 8
74 12 4
74 25 7
74 77 4
74 5 8
74 59 3
74 51 2
74 56 3
74 64 3
74 32 9
74 17 3
74 43 7
74 21 2
74 83 6
74 79 5
74 81 4
74 3 3
74 75 2
74 9 4
74 63 9
74 22 6
74 45 1
74 89 1
74 42 1
74 30 9
74 16 8
74 98 2
74 73 8
74 8 3
74 38 7
74 84 3
74 20 5
74 94 7
74 54 2
74 92 4
74 91 5
74 88 5
74 97 9
74 31 1
74 2 8
74 57 3
74 82 9
74 52 3
74 4 1
74 58 9
74 27 3
74 60 1
74 10 9
74 24 7
74 41 8
74 72 6
75 97 1
75 5 9
75 47 2
75 61 2
75 3 8
75 2 3
75 36 6
75 71 9
75 29 1
75 95 1
75 39 3
75 55 2
75 14 8
75 45 4
75 17 1
75 87 4
75 28 3
75 41 5
75 23 4
75 69 9
75 80 6
75 25 3
75 59 1
75 67 3
75 93 6
75 63 5
75 13 2
75 22 4
75 18 3
75 44 4
75 6 1
75 46 6
75 78 6
75 4 6
75 40 6
75 34 3
75 38 3
75 1 9
75 57 1
75 96 6
75 31 8
75 82 3
75 56 7
75 86 2
75 83 6
75 91 1
75 62 4
75 85 6
75 49 4
75 76 6
75 0 9
75 48 5
75 89 9
75 24 1
75 77 4
75 43 6
75 64 1
75 33 2
75 37 4
75 66 8
75 11 5
75 12 5
75 72 9
75 74 2
75 30 4
75 27 9
75 84 3
75 98 1
75 26 8
75 70 4
75 19 1
75 81 7
75 94 1
75 65 9
75 9 1
75 53 5
75 54 4
75 15 7
75 60 6
75 92 1
75 73 2
75 88 1
75 51 3
75 16 1
75 21 2
75 8 7
75 50 3
75 58 2
75 42 8
75 68 7
75 32 9
75 20 5
75 7 4
76 40 4
76 66 5
76 62 9
76 32 7
76 99 4
76 47 8
76 11 6
76 64 9
76 70 3
76 18 6
76 31 5
76 74 7
76 91 1
76 77 8
76 53 5
76 19 8
76 52 7
76 37 3
76 46 7
76 51 1
76 26 3
76 10 1
76 92 5
76 1 1
76 84 7
76 96 4
76 33 7
76 14 7
76 79 2
76 44 9
76 59 3
76 12 7
76 68 3
76 55 1
76 35 6
76 63 6
76 78 8
76 97 6
76 16 8
76 80 6
76 58 4
76 75 6
76 15 3
76 2 5
76 61 3
76 29 1
76 95 8
76 67 9
76 81 1
76 25 6
76 69 9
76 90 6
76 48 7
76 20 4
76 82 4
76 5 6
76 23 4
76 8 5
76 60 1
76 85 2
76 30 8
76 94 9
76 6 3
76 98 1
76 34 5
76 83 7
76 24 9
76 13 5
76 39 8
76 27 6
76 3 1
76 7 8
76 57 3
76 54 5
76 72 8
76 89 3
76 93 5
76 36 2
76 17 9
76 50 3
76 45 5
76 0 3
76 86 4
76 87 4
76 38 9
76 28 4
76 4 2
76 73 3
76 9 5
76 65 7
76 71 7
76 43 5
76 21 3
76 49 6
77 91 8
77 19 7
77 48 5
77 22 6
77 30 6
77 96 5
77 38 3
77 3 6
77 9 9
77 11 4
77 33 4
77 32 7
77 26 7
77 84 6
77 56 5
77 28 4
77 72 4
77 76 8
77 17 3
77 88 4
77 71 6
77 99 2
77 24 7
77 95 7
77 5 5
77 35 9
77 25 6
77 53 2
77 21 6
77 29 9
77 34 2
77 82 7
77 6 3
77 54 2
77 98 2
77 4 6
77 27 2
77 49 7
77 46 4
77 37 5
77 8 8
77 59 8
77 13 7
77 12 8
77 66 4
77 97 4
77 65 2
77 89 4
77 44 1
77 78 8
77 74 4
77 68 1
77 42 4
77 75 4
77 50 9
77 16 5
77 57 7
77 86 8
77 0 5
77 92 1
77 43 2
77 70 4
77 23 2
77 85 2
77 83 2
77 87 9
77 52 2
77 39 7
77 94 8
77 58 3
77 45 9
77 93 7
77 90 8
77 40 1
77 47 6
77 20 1
77 79 6
77 1 4
77 10 1
77 61 6
77 60 4
77 67 1
77 14 7
77 36 9
77 41 7
77 31 3
77 64 9
77 62 9
77 2 2
77 63 8
78 19 7
78 38 8
78 7 3
78 99 1
78 27 4
78 36 5
78 3 4
78 61 3
78 6 8
78 68 9
78 20 9
78 98 6
78 80 8
78 40 7
78 1 2
78 63 4
78 26 3
78 73 4
78 79 8
78 85 3
78 30 1
78 91 8
78 94 1
78 21 2
78 37 5
78 75 6
78 74 3
78 67 3
78 14 1
78 43 9
78 35 5
78 64 8
78 96 6
78 13 7
78 65 2
78 83 9
78 76 8
78 55 1
78 47 8
78 44 8
78 49 6
78 90 9
78 88 9
78 82 2
78 18 4
78 16 2
78 2 1
78 39 6
78 60 5
78 89 8
78 51 4
78 84 5
78 77 8
78 9 4
78 22 3
78 97 3
78 28 9
78 41 8
78 25 4
78 92 1
78 23 8
78 34 4
78 62 2
78 45 3
78 4 5
78 70 6
78 87 2
78 66 9
78 57 5
78 15 8
78 71 2
78 8 8
78 31 7
78 42 7
78 24 8
78 50 7
78 48 2
78 95 8
78 54 7
78 0 8
78 86 2
78 56 5
78 52 3
78 5 9
78 11 6
78 32 1
78 46 6
78 29 8
78 58 2
78 53 4
78 81 1
78 69 7
78 72 2
78 12 3
78 93 1
78 10 7
78 17 8
79 20 4
79 33 2
79 86 9
79 28 9
79 42 6
79 35 9
79 56 6
79 47 5
79 92 7
79 39 3
79 80 7
79 24 5
79 63 1
79 12 7
79 68 1
79 7 2
79 78 8
79 31 2
79 99 9
79 55 9
79 17 5
79 67 4
79 76 2
79 37 2
79 25 3
79 8 9
79 95 7
79 81 1
79 34 5
79 64 8
79 58 2
79 98 6
79 30 5
79 50 8
79 66 7
79 11 4
79 84 2
79 65 3
79 45 1
79 69 4
79 0 6
79 26 8
79 10 2
79 82 8
79 89 6
79 60 4
79 1 3
79 36 4
79 13 9
79 91 3
79 21 4
79 94 1
79 53 9
79 2 2
79 22 6
79 41 8
79 57 4
79 38 6
79 70 8
79 87 2
79 74 5
79 49 4
79 62 4
79 19 9
79 85 8
79 52 5
79 44 4
79 73 5
79 16 3
79 72 7
79 29 5
79 77 6
79 83 1
79 3 7
79 32 2
79 93 4
79 27 7
79 59 4
79 18 5
79 96 2
79 4 5
79 6 1
79 88 7
79 43 3
79 51 8
79 61 4
79 5 1
79 48 4
79 40 8
79 23 3
79 14 8
79 9 4
79 46 2
79 71 5
79 97 2
79 54 9
80 98 4
80 91 7
80 22 2
80 17 2
80 81 9
80 3 3
80 29 9
80 16 8
80 28 1
80 44 2
80 10 9
80 36 8
80 82 1
80 53 2
80 45 7
80 42 2
80 78 8
80 62 6
80 2 5
80 79 7
80 68 8
80 65 6
80 7 4
80 8 2
80 60 4
80 92 2
80 75 6
80 69 4
80 51 8
80 35 1
80 14 8
80 48 3
80 57 5
80 39 5
80 99 8
80 12 3
80 89 1
80 47 9
80 61 6
80 40 7
80 31 9
80 85 5
80 58 3
80 76 6
80 55 3
80 41 3
80 88 1
80 18 4
80 23 9
80 38 2
80 56 7
80 97 9
80 66 5
80 71 7
80 25 8
80 52 2
80 86 8
80 95 9
80 84 8
80 94 4
80 93 9
80 33 5
80 90 5
80 54 3
80 11 5
80 15 5
80 64 4
80 30 1
80 27 2
80 83 3
80 0 3
80 9 5
80 32 8
80 13 3
80 37 9
80 19 5
80 50 2
80 49 3
80 67 1
80 4 1
80 73 8
80 24 5
80 72 2
80 5 6
80 63 5
80 96 1
80 1 7
80 21 2
81 54 5
81 88 6
81 1 1
81 51 4
81 80 9
81 57 4
81 27 8
81 6 2
81 45 9
81 69 3
81 98 9
81 83 4
81 52 3
81 97 5
81 31 6
81 46 1
81 90 2
81 30 2
81 8 9
81 84 8
81 58 9
81 14 8
81 71 9
81 2 9
81 12 4
81 32 2
81 85 2
81 48 1
81 29 8
81 0 3
81 79 1
81 96 8
81 68 1
81 33 8
81 42 4
81 15 6
81 11 4
81 34 9
81 24 4
81 5 5
81 93 2
81 4 8
81 95 3
81 72 6
81 22 8
81 64 4
81 3 5
81 63 4
81 17 4
81 60 6
81 16 3
81 70 3
81 76 1
81 38 7
81 65 8
81 13 1
81 39 6
81 9 8
81 62 2
81 56 1
81 20 2
81 37 8
81 74 4
81 47 7
81 28 9
81 40 1
81 50 1
81 89 1
81 94 3
81 19 9
81 59 4
81 86 9
81 75 7
81 66 7
81 82 1
81 41 4
81 10 8
81 73 7
81 43 5
81 67 5
81 99 6
81 53 4
81 26 6
81 55 2
81 44 8
81 78 1
81 87 5
81 36 6
81 7 9
81 35 9
81 23 7
81 21 4
81 25 1
82 60 4
82 84 2
82 3 3
82 87 8
82 9 2
82 18 9
82 49 5
82 37 6
82 22 3
82 96 5
82 26 9
82 48 6
82 67 9
82 80 1
82 52 1
82 69 9
82 86 3
82 24 1
82 15 2
82 12 4
82 7 5
82 64 9
82 33 3
82 38 3
82 91 3
82 66 2
82 70 2
82 43 9
82 57 7
82 31 4
82 42 1
82 56 6
82 17 9
82 77 7
82 85 1
82 54 5
82 0 2
82 75 3
82 59 6
82 20 2
82 14 6
82 94 7
82 79 8
82 97 7
82 78 2
82 10 3
82 47 5
82 88 5
82 51 4
82 6 5
82 90 4
82 53 3
82 72 3
82 46 6
82 27 3
82 65 6
82 76 4
82 41 2
82 62 7
82 23 2
82 36 3
82 25 8
82 55 9
82 21 3
82 83 4
82 8 4
82 89 2
82 13 2
82 63 5
82 61 5
82 58 2
82 71 3
82 99 1
82 34 5
82 95 5
82 81 1
82 40 1
82 28 8
82 29 2
82 45 1
82 19 1
82 2 6
82 32 5
82 68 7
82 1 7
82 16 1
82 92 6
82 73 7
82 4 3
82 35 4
82 74 9
82 50 6
82 39 2
82 5 1
83 26 5
83 52 8
83 27 2
83 81 4
83 22 5
83 28 1
83 54 6
83 46 5
83 92 1
83 59 2
83 63 6
83 31 6
83 50 5
83 8 2
83 65 3
83 69 8
83 4 7
83 14 1
83 18 2
83 90 5
83 13 5
83 16 1
83 44 1
83 97 4
83 17 4
83 98 6
83 43 6
83 19 1
83 5 9
83 15 2
83 78 9
83 21 2
83 55 9
83 38 1
83 75 6
83 25 9
83 47 9
83 56 5
83 49 4
83 67 6
83 40 3
83 51 1
83 89 8
83 42 3
83 20 5
83 72 9
83 99 7
83 34 1
83 33 1
83 3 5
83 91 1
83 86 4
83 29 3
83 84 1
83 45 6
83 87 4
83 32 5
83 73 4
83 85 4
83 57 6
83 41 6
83 30 9
83 1 4
83 74 6
83 95 1
83 11 5
83 60 3
83 66 3
83 82 4
83 64 4
83 0 6
83 71 5
83 77 2
83 76 7
83 7 4
83 53 6
83 10 9
83 80 3
83 35 9
83 23 9
83 24 7
83 79 1
83 93 9
83 6 8
83 61 2
83 2 3
83 9 8
83 39 2
83 96 2
83 88 2
83 94 6
83 68 5
84 9 8
84 82 2
84 21 7
84 37 3
84 94 1
84 26 1
84 2 9
84 30 1
84 77 6
84 95 8
84 90 5
84 36 5
84 54 5
84 22 4
84 81 8
84 91 9
84 3 1
84 43 8
84 59 3
84 15 7
84 17 6
84 85 6
84 71 3
84 12 8
84 31 3
84 76 7
84 58 5
84 29 7
84 38 2
84 87 7
84 56 3
84 89 1
84 10 5
84 40 1
84 93 2
84 79 2
84 46 6
84 4 7
84 64 9
84 19 5
84 20 3
84 25 1
84 99 2
84 13 5
84 62 5
84 14 9
84 65 7
84 18 1
84 8 3
84 78 5
84 69 1
84 83 1
84 80 8
84 53 3
84 63 8
84 7 1
84 32 8
84 70 1
84 6 3
84 41 5
84 60 6
84 55 1
84 75 3
84 28 3
84 24 7
84 57 4
84 51 9
84 68 6
84 45 6
84 72 2
84 88 3
84 11 9
84 73 2
84 35 7
84 39 7
84 1 3
84 0 2
84 49 4
84 16 6
84 47 7
84 34 9
84 74 3
84 61 8
84 44 1
84 5 2
84 52 8
84 86 1
84 27 6
84 42 1
84 33 5
84 50 1
84 48 4
85 94 5
85 42 3
85 24 3
85 99 3
85 58 2
85 11 9
85 74 8
85 13 7
85 36 2
85 55 9
85 66 6
85 48 8
85 44 2
85 63 9
85 93 8
85 39 7
85 43 7
85 38 1
85 52 6
85 53 5
85 86 8
85 16 5
85 84 6
85 78 3
85 57 3
85 81 2
85 4 1
85 15 4
85 25 7
85 50 3
85 69 5
85 70 3
85 73 8
85 45 6
85 0 9
85 82 1
85 67 3
85 29 5
85 18 8
85 47 4
85 35 9
85 9 2
85 49 8
85 30 4
85 21 4
85 33 9
85 62 6
85 80 5
85 65 4
85 75 6
85 31 4
85 91 3
85 1 1
85 23 3
85 87 5
85 20 3
85 72 3
85 22 7
85 90 8
85 3 8
85 64 1
85 51 1
85 83 4
85 40 4
85 92 8
85 26 1
85 27 7
85 28 5
85 76 2
85 79 8
85 89 1
85 97 1
85 77 2
85 68 1
85 59 8
85 37 4
85 2 5
85 98 6
85 54 2
85 12 2
85 61 5
85 6 1
85 41 6
85 56 1
85 46 1
85 88 2
85 71 8
85 32 4
85 8 8
85 10 9
85 95 5
85 19 5
85 60 7
86 99 2
86 60 6
86 15 3
86 48 4
86 79 9
86 96 5
86 21 3
86 23 9
86 95 9
86 52 6
86 29 2
86 4 5
86 38 3
86 58 1
86 64 5
86 82 3
86 53 6
86 9 2
86 74 2
86 3 5
86 57 1
86 85 8
86 46 5
86 19 7
86 27 7
86 94 6
86 73 4
86 71 7
86 10 2
86 40 5
86 8 2
86 43 9
86 13 6
86 44 8
86 1 5
86 20 5
86 32 1
86 37 8
86 67 1
86 91 8
86 18 5
86 97 4
86 75 2
86 66 2
86 30 4
86 34 8
86 35 1
86 24 9
86 61 4
86 69 3
86 62 5
86 51 2
86 7 2
86 41 5
86 16 3
86 83 4
86 90 5
86 80 8
86 5 8
86 59 1
86 17 8
86 0 8
86 12 7
86 2 7
86 42 4
86 33 7
86 72 4
86 77 8
86 14 6
86 65 5
86 92 8
86 25 1
86 98 7
86 81 9
86 47 1
86 54 3
86 88 3
86 70 8
86 39 2
86 22 3
86 31 2
86 78 2
86 68 3
86 55 2
86 76 4
86 84 1
86 49 9
86 28 2
86 89 6
86 93 8
86 87 6
86 56 9
86 26 9
86 6 6
87 31 2
87 82 8
87 34 8
87 53 3
87 0 2
87 62 9
87 74 9
87 72 1
87 4 7
87 37 6
87 99 3
87 24 1
87 58 6
87 56 7
87 5 4
87 45 2
87 75 4
87 96 2
87 69 1
87 65 9
87 9 4
87 2 8
87 23 8
87 97 7
87 84 7
87 98 6
87 19 3
87 90 1
87 44 3
87 54 6
87 28 2
87 49 6
87 42 2
87 25 7
87 88 5
87 29 6
87 7 6
87 64 5
87 92 1
87 14 8
87 36 6
87 15 9
87 52 7
87 51 7
87 33 9
87 66 9
87 85 5
87 95 3
87 83 4
87 40 7
87 21 8
87 10 5
87 57 2
87 71 5
87 91 8
87 68 1
87 79 2
87 60 2
87 13 7
87 93 1
87 48 6
87 89 2
87 70 4
87 12 5
87 32 5
87 30 7
87 1 1
87 77 9
87 78 2
87 35 2
87 38 4
87 43 7
87 55 7
87 16 5
87 59 3
87 61 8
87 63 7
87 27 5
87 11 1
87 18 9
87 67 5
87 8 2
87 47 9
87 26 2
87 94 3
87 76 4
87 73 6
87 22 6
87 17 6
87 81 5
87 39 2
87 6 5
87 86 6
87 41 8
88 81 6
88 54 4
88 47 7
88 73 1
88 32 7
88 26 8
88 55 1
88 63 4
88 1 1
88 58 2
88 20 7
88 77 4
88 46 2
88 0 1
88 35 7
88 99 2
88 50 6
88 24 6
88 65 8
88 60 7
88 16 9
88 94 3
88 2 8
88 59 5
88 67 9
88 13 9
88 4 5
88 23 6
88 28 6
88 87 5
88 29 5
88 5 2
88 68 4
88 90 1
88 91 3
88 98 1
88 38 3
88 25 9
88 36 1
88 62 9
88 80 1
88 34 6
88 78 9
88 82 5
88 64 2
88 53 8
88 92 6
88 45 3
88 8 3
88 3 4
88 30 9
88 66 4
88 44 8
88 61 4
88 10 5
88 22 7
88 84 3
88 93 6
88 71 9
88 42 7
88 89 6
88 86 3
88 31 1
88 14 3
88 19 9
88 27 8
88 12 4
88 75 1
88 79 7
88 48 4
88 85 2
88 97 9
88 74 5
88 9 4
88 33 8
88 83 2
88 17 3
88 21 7
88 15 6
88 69 6
88 11 7
88 57 5
88 51 5
88 6 3
88 70 2
88 7 7
88 41 3
88 18 1
89 97 8
89 71 6
89 28 7
89 55 8
89 41 8
89 5 8
89 91 1
89 56 5
89 20 4
89 8 6
89 98 7
89 3 5
89 11 2
89 43 6
89 62 3
89 64 2
89 48 6
89 0 5
89 63 1
89 4 6
89 25 4
89 68 7
89 42 7
89 37 8
89 54 9
89 40 8
89 90 5
89 24 3
89 49 3
89 6 2
89 84 1
89 65 9
89 95 5
89 34 1
89 80 1
89 35 9
89 67 5
89 53 6
89 22 1
89 17 3
89 36 3
89 10 9
89 83 8
89 79 6
89 75 9
89 77 4
89 13 1
89 1 7
89 9 7
89 78 8
89 33 1
89 19 2
89 15 8
89 18 7
89 16 1
89 2 5
89 58 9
89 57 6
89 44 3
89 93 4
89 85 1
89 87 2
89 26 4
89 81 1
89 60 6
89 82 2
89 73 5
89 74 1
89 92 4
89 14 4
89 88 6
89 99 3
89 32 3
89 76 3
89 94 5
89 96 5
89 45 6
89 29 8
89 66 7
89 70 6
89 7 5
89 50 7
89 39 7
89 72 2
89 12 8
89 30 9
89 86 6
89 46 1
89 21 5
89 51 1
89 52 2
89 23 1
89 31 3
89 27 8
90 3 5
90 35 4
90 10 1
90 54 8
90 6 4
90 27 1
90 49 6
90 58 1
90 48 3
90 18 1
90 84 5
90 81 2
90 47 3
90 65 3
90 74 5
90 70 4
90 2 3
90 43 8
90 33 6
90 24 6
90 32 2
90 39 7
90 94 8
90 19 2
90 13 6
90 57 3
90 89 5
90 92 4
90 45 6
90 30 3
90 83 5
90 87 1
90 93 5
90 1 5
90 38 8
90 59 5
90 22 1
90 61 1
90 25 8
90 88 1
90 26 5
90 0 1
90 71 9
90 4 4
90 69 8
90 17 6
90 78 9
90 51 9
90 86 5
90 9 9
90 31 5
90 5 1
90 82 4
90 44 6
90 95 9
90 53 6
90 56 6
90 15 1
90 72 7
90 76 6
90 85 8
90 20 7
90 80 5
90 67 6
90 41 5
90 42 3
90 52 6
90 12 6
90 21 6
90 50 4
90 14 2
90 77 8
90 64 9
90 63 5
90 55 1
90 36 3
90 7 9
90 62 9
90 11 5
90 60 1
90 37 5
90 97 5
90 66 1
90 96 7
90 8 1
90 28 4
90 98 7
90 46 3
90 34 1
91 77 8
91 29 3
91 80 7
91 64 4
91 41 2
91 89 1
91 60 4
91 63 6
91 50 5
91 45 4
91 17 8
91 93 9
91 76 1
91 7 7
91 38 7
91 47 2
91 26 2
91 84 9
91 11 4
91 57 3
91 69 2
91 4 2
91 59 3
91 70 4
91 42 3
91 66 7
91 5 6
91 3 9
91 82 3
91 97 8
91 78 8
91 6 7
91 40 3
91 54 7
91 15 7
91 14 4
91 67 8
91 68 1
91 46 4
91 52 5
91 86 8
91 16 4
91 23 6
91 99 4
91 20 7
91 30 9
91 88 3
91 75 1
91 9 7
91 53 7
91 35 9
91 18 5
91 24 1
91 36 9
91 33 6
91 62 6
91 49 7
91 79 3
91 85 3
91 95 3
91 83 1
91 56 6
91 58 3
91 1 8
91 92 4
91 87 8
91 22 6
91 43 1
91 28 4
91 37 2
91 32 5
91 55 7
91 44 3
91 19 8
91 51 8
91 34 5
91 13 3
91 71 6
91 27 2
91 39 3
91 98 9
91 74 5
91 61 9
91 10 9
91 72 4
91 65 1
91 48 9
91 31 3
91 12 5
91 25 2
92 16 2
92 49 3
92 8 5
92 13 2
92 11 3
92 45 2
92 96 2
92 23 8
92 17 8
92 37 4
92 79 7
92 54 6
92 20 9
92 72 5
92 38 8
92 83 1
92 95 9
92 18 9
92 76 5
92 80 2
92 10 7
92 56 2
92 15 5
92 98 5
92 21 1
92 90 4
92 28 1
92 44 7
92 7 7
92 58 7
92 2 3
92 69 1
92 3 3
92 57 2
92 64 4
92 29 4
92 67 8
92 94 8
92 87 1
92 24 3
92 40 2
92 53 1
92 70 3
92 62 2
92 34 3
92 0 7
92 31 4
92 41 8
92 14 3
92 12 8
92 4 4
92 19 7
92 88 6
92 26 2
92 73 1
92 78 1
92 91 4
92 22 7
92 85 8
92 6 7
92 77 1
92 33 2
92 27 8
92 86 8
92 60 7
92 32 9
92 46 3
92 52 6
92 30 1
92 5 9
92 1 5
92 36 2
92 35 3
92 89 4
92 47 8
92 68 2
92 97 7
92 61 1
92 51 3
92 75 1
92 74 4
92 55 4
92 48 3
92 82 6
92 39 3
92 93 3
92 50 6
92 66 4
92 65 4
93 55 2
93 56 3
93 45 8
93 95 4
93 28 3
93 21 8
93 12 6
93 26 3
93 51 3
93 39 6
93 91 9
93 85 8
93 29 1
93 34 1
93 58 9
93 63 5
93 74 6
93 20 6
93 96 9
93 49 4
93 42 6
93 75 6
93 73 4
93 46 2
93 6 6
93 70 2
93 1 1
93 8 9
93 61 5
93 41 1
93 7 4
93 90 5
93 25 4
93 52 5
93 22 2
93 84 2
93 9 9
93 5 4
93 16 7
93 53 4
93 17 8
93 31 4
93 81 2
93 19 8
93 4 5
93 48 6
93 0 3
93 62 7
93 98 7
93 97 5
93 23 5
93 99 5
93 72 8
93 66 1
93 94 1
93 59 2
93 67 7
93 36 9
93 80 9
93 2 5
93 32 8
93 38 5
93 68 7
93 11 4
93 71 3
93 40 6
93 50 6
93 89 4
93 87 1
93 37 9
93 18 3
93 10 6
93 60 8
93 88 6
93 64 2
93 77 7
93 54 1
93 30 7
93 65 6
93 76 5
93 83 9
93 79 4
93 57 9
93 27 7
93 24 7
93 86 8
93 92 3
93 47 5
93 3 9
93 13 4
93 15 6
93 78 1
93 44 9
93 69 5
93 14 2
94 85 5
94 47 4
94 25 1
94 16 2
94 57 1
94 84 1
94 3 8
94 95 5
94 32 1
94 65 2
94 5 9
94 41 9
94 46 5
94 34 9
94 86 6
94 53 6
94 49 7
94 60 2
94 35 5
94 90 8
94 33 9
94 69 1
94 56 3
94 88 3
94 78 1
94 17 1
94 61 5
94 6 7
94 20 5
94 43 6
94 48 6
94 26 6
94 1 2
94 11 5
94 63 9
94 99 4
94 30 6
94 21 9
94 51 5
94 92 8
94 97 3
94 18 9
94 19 1
94 42 3
94 62 9
94 55 2
94 66 2
94 82 7
94 23 4
94 14 8
94 98 7
94 59 8
94 36 2
94 79 1
94 31 8
94 4 9
94 93 1
94 7 3
94 80 4
94 15 2
94 50 7
94 2 2
94 12 4
94 24 9
94 29 4
94 22 9
94 70 2
94 40 9
94 44 5
94 76 9
94 10 9
94 38 8
94 81 3
94 77 8
94 71 2
94 96 6
94 75 1
94 67 6
94 64 7
94 73 7
94 28 1
94 37 8
94 39 7
94 89 5
94 13 1
94 58 5
94 74 7
94 9 7
94 87 3
94 54 6
94 72 8
94 27 2
94 52 4
94 83 6
94 45 2
94 0 6
95 4 5
95 71 7
95 38 4
95 86 9
95 93 4
95 17 8
95 36 2
95 75 1
95 25 6
95 94 5
95 84 8
95 66 9
95 18 4
95 6 8
95 55 5
95 1 6
95 56 3
95 74 6
95 92 9
95 42 3
95 23 4
95 26 4
95 69 6
95 72 4
95 99 7
95 77 7
95 67 3
95 40 9
95 33 3
95 22 5
95 47 8
95 79 7
95 16 3
95 65 9
95 89 5
95 58 1
95 11 6
95 37 2
95 14 7
95 13 1
95 96 8
95 63 7
95 35 2
95 57 9
95 98 2
95 9 5
95 24 1
95 81 3
95 28 7
95 52 4
95 76 8
95 73 7
95 91 3
95 2 5
95 87 3
95 90 9
95 32 7
95 62 6
95 80 9
95 61 3
95 20 8
95 59 7
95 34 2
95 83 1
95 68 8
95 49 3
95 64 8
95 45 4
95 82 5
95 15 5
95 5 2
95 70 6
95 54 7
95 12 3
95 50 5
95 53 7
95 31 5
95 78 8
95 7 3
95 39 6
95 60 4
95 29 9
95 19 4
95 30 7
95 0 2
95 21 6
95 3 6
95 51 4
95 41 8
95 43 2
95 10 5
95 44 9
95 85 5
95 27 4
96 74 5
96 97 6
96 12 9
96 64 8
96 77 5
96 86 5
96 16 9
96 92 2
96 82 5
96 46 6
96 71 9
96 17 1
96 14 2
96 10 2
96 87 2
96 93 9
96 62 5
96 1 7
96 24 1
96 69 9
96 7 5
96 76 4
96 98 1
96 2 7
96 40 8
96 81 8
96 75 6
96 4 4
96 18 9
96 78 6
96 68 1
96 15 2
96 95 8
96 43 4
96 3 8
96 45 9
96 19 8
96 41 7
96 20 2
96 60 8
96 67 5
96 21 1
96 11 5
96 30 8
96 27 5
96 63 3
96 6 8
96 53 1
96 58 3
96 23 8
96 48 2
96 38 9
96 36 7
96 61 4
96 22 6
96 13 4
96 42 7
96 99 1
96 65 5
96 73 5
96 47 6
96 54 1
96 29 7
96 0 6
96 9 4
96 55 7
96 94 6
96 5 6
96 28 4
96 25 5
96 34 4
96 50 2
96 35 5
96 56 8
96 89 5
96 32 1
96 57 1
96 79 2
96 66 6
96 37 4
96 70 6
96 83 2
96 90 7
96 52 9
96 72 1
96 59 4
96 33 2
96 80 1
96 39 3
96 44 9
97 75 1
97 89 8
97 96 6
97 53 1
97 3 1
97 42 5
97 56 3
97 29 2
97 28 7
97 70 6
97 23 7
97 51 7
97 81 5
97 35 6
97 38 6
97 18 7
97 57 8
97 69 1
97 11 5
97 39 3
97 59 9
97 45 9
97 41 7
97 15 1
97 21 3
97 37 4
97 91 8
97 6 7
97 99 1
97 62 4
97 87 7
97 61 1
97 7 2
97 63 5
97 48 9
97 2 3
97 0 2
97 26 6
97 12 6
97 40 7
97 83 4
97 86 4
97 44 5
97 68 2
97 5 1
97 24 1
97 76 6
97 94 3
97 71 6
97 58 9
97 82 7
97 16 3
97 77 4
97 49 7
97 60 9
97 43 3
97 80 9
97 93 5
97 32 5
97 78 3
97 67 1
97 27 7
97 10 6
97 1 7
97 85 1
97 54 2
97 14 1
97 31 9
97 8 5
97 25 4
97 19 6
97 34 7
97 65 1
97 73 1
97 22 2
97 98 5
97 50 2
97 9 1
97 4 5
97 13 4
97 92 7
97 20 2
97 36 9
97 88 9
97 46 1
97 74 9
97 90 5
97 72 1
97 33 8
97 64 2
97 79 2
97 17 7
97 55 9
97 66 8
98 28 3
98 80 4
98 55 8
98 47 7
98 63 4
98 49 7
98 14 7
98 81 9
98 89 7
98 10 2
98 16 1
98 78 6
98 40 9
98 52 1
98 26 3
98 21 9
98 37 9
98 24 2
98 17 7
98 45 6
98 0 2
98 73 8
98 19 3
98 5 9
98 96 1
98 92 5
98 4 1
98 20 9
98 87 6
98 38 9
98 8 4
98 13 4
98 59 7
98 43 6
98 79 6
98 77 2
98 31 7
98 83 6
98 51 6
98 23 6
98 9 8
98 88 1
98 95 2
98 46 6
98 68 4
98 34 5
98 22 2
98 94 7
98 48 5
98 93 7
98 12 4
98 44 5
98 56 8
98 25 4
98 2 9
98 15 5
98 33 7
98 76 1
98 99 5
98 54 1
98 75 1
98 57 4
98 32 5
98 39 7
98 86 7
98 35 2
98 53 3
98 27 7
98 29 9
98 85 6
98 71 6
98 70 6
98 97 5
98 72 9
98 67 8
98 74 2
98 42 8
98 36 4
98 91 9
98 3 8
98 1 7
98 64 4
98 11 3
98 60 4
98 65 8
98 61 1
98 69 3
98 7 7
98 41 9
98 18 6
98 90 7
98 50 1
98 6 9
98 58 8
99 86 2
99 4 3
99 12 6
99 78 1
99 76 4
99 85 3
99 48 4
99 68 2
99 49 8
99 87 3
99 74 6
99 65 6
99 30 8
99 10 3
99 8 6
99 67 6
99 19 4
99 2 3
99 60 7
99 64 3
99 28 1
99 88 2
99 46 4
99 77 2
99 38 7
99 79 9
99 59 4
99 57 2
99 95 7
99 26 7
99 18 9
99 97 1
99 32 1
99 63 4
99 42 9
99 41 9
99 53 9
99 15 4
99 80 8
99 17 3
99 1 3
99 61 2
99 36 2
99 0 2
99 39 3
99 91 4
99 94 4
99 73 7
99 84 2
99 5 9
99 71 8
99 25 2
99 33 5
99 40 2
99 44 5
99 16 1
99 14 8
99 21 6
99 83 7
99 13 4
99 93 5
99 23 4
99 24 7
99 56 1
99 7 2
99 27 3
99 58 1
99 6 6
99 34 7
99 96 1
99 45 1
99 70 4
99 98 5
99 29 8
99 69 4
99 82 1
99 43 3
99 35 4
99 89 3
99 81 6
99 51 6
99 9 6
99 47 2
99 11 8
99 62 7
99 20 6
99 37 8
99 66 6
99 72 4
99 3 7
99 22 6
